0101111110000111110000111111010


 1 1 1 1
1 0 0 0 1
 1 1 1 0
0 0 0 0 1
 1 1 1 0
1 0 0 0 1
 1 1 1 1

個数：3296
 1 1 1 1
1 0 0 0 1
 1 1 1 0
0 0 0 0 1
 1 1 1 0
1 0 0 1 1
 1 1 0 1

個数：3297
 1 1 1 1
1 0 0 0 1
 1 1 1 0
0 0 0 0 1
 1 1 1 0
1 0 0 1 1
 1 1 1 0

個数：3298
 1 1 1 1
1 0 0 0 1
 1 1 1 0
0 0 0 0 1
 1 1 1 1
1 0 0 0 0
 1 1 1 1

個数：3299
 1 1 1 1
1 0 0 0 1
 1 1 1 0
0 0 0 1 0
 0 1 0 1
1 1 1 0 1
 1 0 1 1

個数：3300
 1 1 1 1
1 0 0 0 1
 1 1 1 0
0 0 0 1 0
 1 0 0 1
1 1 1 0 1
 1 0 1 1

個数：3301
 1 1 1 1
1 0 0 0 1
 1 1 1 0
0 0 0 1 0
 1 0 1 0
1 1 1 0 1
 1 0 1 1

個数：3302
 1 1 1 1
1 0 0 0 1
 1 1 1 0
0 0 0 1 0
 1 1 0 0
1 0 1 1 1
 1 1 0 1

個数：3303
 1 1 1 1
1 0 0 0 1
 1 1 1 0
0 0 0 1 0
 1 1 0 1
1 0 0 0 1
 1 1 1 1

個数：3304
 1 1 1 1
1 0 0 0 1
 1 1 1 0
0 0 0 1 0
 1 1 0 1
1 0 1 0 1
 1 0 1 1

個数：3305
 1 1 1 1
1 0 0 0 1
 1 1 1 0
0 0 0 1 0
 1 1 0 1
1 0 1 0 1
 1 1 0 1

個数：3306
 1 1 1 1
1 0 0 0 1
 1 1 1 0
0 0 0 1 0
 1 1 1 0
1 0 0 0 1
 1 1 1 1

個数：3307
 1 1 1 1
1 0 0 0 1
 1 1 1 0
0 0 0 1 1
 0 0 1 0
1 1 1 0 1
 1 0 1 1

個数：3308
 1 1 1 1
1 0 0 0 1
 1 1 1 0
0 0 0 1 1
 0 1 0 0
1 0 1 1 1
 1 1 0 1

個数：3309
 1 1 1 1
1 0 0 0 1
 1 1 1 0
0 0 0 1 1
 0 1 0 0
1 1 1 0 1
 1 0 1 1

個数：3310
 1 1 1 1
1 0 0 0 1
 1 1 1 0
0 0 0 1 1
 0 1 0 0
1 1 1 1 1
 0 1 0 1

個数：3311
 1 1 1 1
1 0 0 0 1
 1 1 1 0
0 0 0 1 1
 0 1 0 0
1 1 1 1 1
 1 0 0 1

個数：3312
 1 1 1 1
1 0 0 0 1
 1 1 1 0
0 0 0 1 1
 0 1 0 0
1 1 1 1 1
 1 0 1 0

個数：3313
 1 1 1 1
1 0 0 0 1
 1 1 1 0
0 0 0 1 1
 0 1 0 1
1 1 1 0 0
 1 0 1 1

個数：3314
 1 1 1 1
1 0 0 0 1
 1 1 1 0
0 0 0 1 1
 0 1 1 0
1 0 0 0 1
 1 1 1 1

個数：3315
 1 1 1 1
1 0 0 0 1
 1 1 1 0
0 0 0 1 1
 0 1 1 0
1 1 0 0 1
 0 1 1 1

個数：3316
 1 1 1 1
1 0 0 0 1
 1 1 1 0
0 0 0 1 1
 0 1 1 0
1 1 0 0 1
 1 0 1 1

個数：3317
 1 1 1 1
1 0 0 0 1
 1 1 1 0
0 0 0 1 1
 1 0 0 0
1 0 1 1 1
 1 1 0 1

個数：3318
 1 1 1 1
1 0 0 0 1
 1 1 1 0
0 0 0 1 1
 1 0 0 0
1 1 1 0 1
 1 0 1 1

個数：3319
 1 1 1 1
1 0 0 0 1
 1 1 1 0
0 0 0 1 1
 1 0 0 0
1 1 1 1 1
 0 1 0 1

個数：3320
 1 1 1 1
1 0 0 0 1
 1 1 1 0
0 0 0 1 1
 1 0 0 0
1 1 1 1 1
 1 0 0 1

個数：3321
 1 1 1 1
1 0 0 0 1
 1 1 1 0
0 0 0 1 1
 1 0 0 0
1 1 1 1 1
 1 0 1 0

個数：3322
 1 1 1 1
1 0 0 0 1
 1 1 1 0
0 0 0 1 1
 1 0 0 1
1 1 1 0 0
 1 0 1 1

個数：3323
 1 1 1 1
1 0 0 0 1
 1 1 1 0
0 0 0 1 1
 1 0 1 0
0 1 1 0 1
 1 0 1 1

個数：3324
 1 1 1 1
1 0 0 0 1
 1 1 1 0
0 0 0 1 1
 1 0 1 0
1 0 0 0 1
 1 1 1 1

個数：3325
 1 1 1 1
1 0 0 0 1
 1 1 1 0
0 0 0 1 1
 1 0 1 0
1 0 1 0 1
 1 0 1 1

個数：3326
 1 1 1 1
1 0 0 0 1
 1 1 1 0
0 0 0 1 1
 1 0 1 0
1 0 1 0 1
 1 1 0 1

個数：3327
 1 1 1 1
1 0 0 0 1
 1 1 1 0
0 0 0 1 1
 1 0 1 0
1 1 0 0 1
 0 1 1 1

個数：3328
 1 1 1 1
1 0 0 0 1
 1 1 1 0
0 0 0 1 1
 1 0 1 0
1 1 0 0 1
 1 0 1 1

個数：3329
 1 1 1 1
1 0 0 0 1
 1 1 1 0
0 0 0 1 1
 1 0 1 0
1 1 1 0 0
 1 0 1 1

個数：3330
 1 1 1 1
1 0 0 0 1
 1 1 1 0
0 0 0 1 1
 1 0 1 0
1 1 1 0 1
 0 0 1 1

個数：3331
 1 1 1 1
1 0 0 0 1
 1 1 1 0
0 0 0 1 1
 1 0 1 0
1 1 1 0 1
 0 1 0 1

個数：3332
 1 1 1 1
1 0 0 0 1
 1 1 1 0
0 0 0 1 1
 1 0 1 0
1 1 1 0 1
 1 0 0 1

個数：3333
 1 1 1 1
1 0 0 0 1
 1 1 1 0
0 0 0 1 1
 1 0 1 0
1 1 1 0 1
 1 0 1 0

個数：3334
 1 1 1 1
1 0 0 0 1
 1 1 1 0
0 0 0 1 1
 1 1 0 0
0 0 1 1 1
 1 1 0 1

個数：3335
 1 1 1 1
1 0 0 0 1
 1 1 1 0
0 0 0 1 1
 1 1 0 0
1 0 0 0 1
 1 1 1 1

個数：3336
 1 1 1 1
1 0 0 0 1
 1 1 1 0
0 0 0 1 1
 1 1 0 0
1 0 0 1 1
 1 1 0 1

個数：3337
 1 1 1 1
1 0 0 0 1
 1 1 1 0
0 0 0 1 1
 1 1 0 0
1 0 0 1 1
 1 1 1 0

個数：3338
 1 1 1 1
1 0 0 0 1
 1 1 1 0
0 0 0 1 1
 1 1 0 0
1 0 1 0 1
 1 0 1 1

個数：3339
 1 1 1 1
1 0 0 0 1
 1 1 1 0
0 0 0 1 1
 1 1 0 0
1 0 1 0 1
 1 1 0 1

個数：3340
 1 1 1 1
1 0 0 0 1
 1 1 1 0
0 0 0 1 1
 1 1 0 0
1 0 1 1 0
 1 1 0 1

個数：3341
 1 1 1 1
1 0 0 0 1
 1 1 1 0
0 0 0 1 1
 1 1 0 0
1 0 1 1 1
 0 1 0 1

個数：3342
 1 1 1 1
1 0 0 0 1
 1 1 1 0
0 0 0 1 1
 1 1 0 0
1 0 1 1 1
 1 0 0 1

個数：3343
 1 1 1 1
1 0 0 0 1
 1 1 1 0
0 0 0 1 1
 1 1 0 0
1 0 1 1 1
 1 0 1 0

個数：3344
 1 1 1 1
1 0 0 0 1
 1 1 1 0
0 0 0 1 1
 1 1 0 0
1 0 1 1 1
 1 1 0 0

個数：3345
 1 1 1 1
1 0 0 0 1
 1 1 1 0
0 0 0 1 1
 1 1 0 1
1 0 0 0 0
 1 1 1 1

個数：3346
 1 1 1 1
1 0 0 0 1
 1 1 1 0
0 0 0 1 1
 1 1 0 1
1 0 1 0 0
 1 0 1 1

個数：3347
 1 1 1 1
1 0 0 0 1
 1 1 1 0
0 0 0 1 1
 1 1 0 1
1 0 1 0 0
 1 1 0 1

個数：3348
 1 1 1 1
1 0 0 0 1
 1 1 1 0
0 0 0 1 1
 1 1 1 0
0 0 0 0 1
 1 1 1 1

個数：3349
 1 1 1 1
1 0 0 0 1
 1 1 1 0
0 0 0 1 1
 1 1 1 0
1 0 0 0 0
 1 1 1 1

個数：3350
 1 1 1 1
1 0 0 0 1
 1 1 1 0
0 0 0 1 1
 1 1 1 0
1 0 0 0 1
 0 1 1 1

個数：3351
 1 1 1 1
1 0 0 0 1
 1 1 1 0
0 0 0 1 1
 1 1 1 0
1 0 0 0 1
 1 0 1 1

個数：3352
 1 1 1 1
1 0 0 0 1
 1 1 1 0
0 0 0 1 1
 1 1 1 0
1 0 0 0 1
 1 1 0 1

個数：3353
 1 1 1 1
1 0 0 0 1
 1 1 1 0
0 0 0 1 1
 1 1 1 0
1 0 0 0 1
 1 1 1 0

個数：3354
 1 1 1 1
1 0 0 0 1
 1 1 1 1
0 0 0 0 0
 0 0 1 1
1 1 1 0 1
 1 0 1 1

個数：3355
 1 1 1 1
1 0 0 0 1
 1 1 1 1
0 0 0 0 0
 0 1 0 1
1 0 1 1 1
 1 1 0 1

個数：3356
 1 1 1 1
1 0 0 0 1
 1 1 1 1
0 0 0 0 0
 0 1 0 1
1 1 1 0 1
 1 0 1 1

個数：3357
 1 1 1 1
1 0 0 0 1
 1 1 1 1
0 0 0 0 0
 0 1 0 1
1 1 1 1 1
 0 1 0 1

個数：3358
 1 1 1 1
1 0 0 0 1
 1 1 1 1
0 0 0 0 0
 0 1 0 1
1 1 1 1 1
 1 0 0 1

個数：3359
 1 1 1 1
1 0 0 0 1
 1 1 1 1
0 0 0 0 0
 0 1 0 1
1 1 1 1 1
 1 0 1 0

個数：3360
 1 1 1 1
1 0 0 0 1
 1 1 1 1
0 0 0 0 0
 0 1 1 1
1 0 0 0 1
 1 1 1 1

個数：3361
 1 1 1 1
1 0 0 0 1
 1 1 1 1
0 0 0 0 0
 0 1 1 1
1 1 0 0 1
 0 1 1 1

個数：3362
 1 1 1 1
1 0 0 0 1
 1 1 1 1
0 0 0 0 0
 0 1 1 1
1 1 0 0 1
 1 0 1 1

個数：3363
 1 1 1 1
1 0 0 0 1
 1 1 1 1
0 0 0 0 0
 1 0 0 1
1 0 1 1 1
 1 1 0 1

個数：3364
 1 1 1 1
1 0 0 0 1
 1 1 1 1
0 0 0 0 0
 1 0 0 1
1 1 1 0 1
 1 0 1 1

個数：3365
 1 1 1 1
1 0 0 0 1
 1 1 1 1
0 0 0 0 0
 1 0 0 1
1 1 1 1 1
 0 1 0 1

個数：3366
 1 1 1 1
1 0 0 0 1
 1 1 1 1
0 0 0 0 0
 1 0 0 1
1 1 1 1 1
 1 0 0 1

個数：3367
 1 1 1 1
1 0 0 0 1
 1 1 1 1
0 0 0 0 0
 1 0 0 1
1 1 1 1 1
 1 0 1 0

個数：3368
 1 1 1 1
1 0 0 0 1
 1 1 1 1
0 0 0 0 0
 1 0 1 0
1 0 1 1 1
 1 1 0 1

個数：3369
 1 1 1 1
1 0 0 0 1
 1 1 1 1
0 0 0 0 0
 1 0 1 0
1 1 1 0 1
 1 0 1 1

個数：3370
 1 1 1 1
1 0 0 0 1
 1 1 1 1
0 0 0 0 0
 1 0 1 0
1 1 1 1 1
 0 1 0 1

個数：3371
 1 1 1 1
1 0 0 0 1
 1 1 1 1
0 0 0 0 0
 1 0 1 0
1 1 1 1 1
 1 0 0 1

個数：3372
 1 1 1 1
1 0 0 0 1
 1 1 1 1
0 0 0 0 0
 1 0 1 0
1 1 1 1 1
 1 0 1 0

個数：3373
 1 1 1 1
1 0 0 0 1
 1 1 1 1
0 0 0 0 0
 1 0 1 1
0 1 1 0 1
 1 0 1 1

個数：3374
 1 1 1 1
1 0 0 0 1
 1 1 1 1
0 0 0 0 0
 1 0 1 1
1 0 0 0 1
 1 1 1 1

個数：3375
 1 1 1 1
1 0 0 0 1
 1 1 1 1
0 0 0 0 0
 1 0 1 1
1 0 1 0 1
 1 0 1 1

個数：3376
 1 1 1 1
1 0 0 0 1
 1 1 1 1
0 0 0 0 0
 1 0 1 1
1 0 1 0 1
 1 1 0 1

個数：3377
 1 1 1 1
1 0 0 0 1
 1 1 1 1
0 0 0 0 0
 1 0 1 1
1 1 0 0 1
 0 1 1 1

個数：3378
 1 1 1 1
1 0 0 0 1
 1 1 1 1
0 0 0 0 0
 1 0 1 1
1 1 0 0 1
 1 0 1 1

個数：3379
 1 1 1 1
1 0 0 0 1
 1 1 1 1
0 0 0 0 0
 1 0 1 1
1 1 1 0 0
 1 0 1 1

個数：3380
 1 1 1 1
1 0 0 0 1
 1 1 1 1
0 0 0 0 0
 1 0 1 1
1 1 1 0 1
 0 0 1 1

個数：3381
 1 1 1 1
1 0 0 0 1
 1 1 1 1
0 0 0 0 0
 1 0 1 1
1 1 1 0 1
 0 1 0 1

個数：3382
 1 1 1 1
1 0 0 0 1
 1 1 1 1
0 0 0 0 0
 1 0 1 1
1 1 1 0 1
 1 0 0 1

個数：3383
 1 1 1 1
1 0 0 0 1
 1 1 1 1
0 0 0 0 0
 1 0 1 1
1 1 1 0 1
 1 0 1 0

個数：3384
 1 1 1 1
1 0 0 0 1
 1 1 1 1
0 0 0 0 0
 1 1 0 0
1 0 1 1 1
 1 1 0 1

個数：3385
 1 1 1 1
1 0 0 0 1
 1 1 1 1
0 0 0 0 0
 1 1 0 1
0 0 1 1 1
 1 1 0 1

個数：3386
 1 1 1 1
1 0 0 0 1
 1 1 1 1
0 0 0 0 0
 1 1 0 1
1 0 0 0 1
 1 1 1 1

個数：3387
 1 1 1 1
1 0 0 0 1
 1 1 1 1
0 0 0 0 0
 1 1 0 1
1 0 0 1 1
 1 1 0 1

個数：3388
 1 1 1 1
1 0 0 0 1
 1 1 1 1
0 0 0 0 0
 1 1 0 1
1 0 0 1 1
 1 1 1 0

個数：3389
 1 1 1 1
1 0 0 0 1
 1 1 1 1
0 0 0 0 0
 1 1 0 1
1 0 1 0 1
 1 0 1 1

個数：3390
 1 1 1 1
1 0 0 0 1
 1 1 1 1
0 0 0 0 0
 1 1 0 1
1 0 1 0 1
 1 1 0 1

個数：3391
 1 1 1 1
1 0 0 0 1
 1 1 1 1
0 0 0 0 0
 1 1 0 1
1 0 1 1 0
 1 1 0 1

個数：3392
 1 1 1 1
1 0 0 0 1
 1 1 1 1
0 0 0 0 0
 1 1 0 1
1 0 1 1 1
 0 1 0 1

個数：3393
 1 1 1 1
1 0 0 0 1
 1 1 1 1
0 0 0 0 0
 1 1 0 1
1 0 1 1 1
 1 0 0 1

個数：3394
 1 1 1 1
1 0 0 0 1
 1 1 1 1
0 0 0 0 0
 1 1 0 1
1 0 1 1 1
 1 0 1 0

個数：3395
 1 1 1 1
1 0 0 0 1
 1 1 1 1
0 0 0 0 0
 1 1 0 1
1 0 1 1 1
 1 1 0 0

個数：3396
 1 1 1 1
1 0 0 0 1
 1 1 1 1
0 0 0 0 0
 1 1 1 0
1 0 0 0 1
 1 1 1 1

個数：3397
 1 1 1 1
1 0 0 0 1
 1 1 1 1
0 0 0 0 0
 1 1 1 0
1 0 0 1 1
 1 1 0 1

個数：3398
 1 1 1 1
1 0 0 0 1
 1 1 1 1
0 0 0 0 0
 1 1 1 0
1 0 0 1 1
 1 1 1 0

個数：3399
 1 1 1 1
1 0 0 0 1
 1 1 1 1
0 0 0 0 0
 1 1 1 1
0 0 0 0 1
 1 1 1 1

個数：3400
 1 1 1 1
1 0 0 0 1
 1 1 1 1
0 0 0 0 0
 1 1 1 1
1 0 0 0 0
 1 1 1 1

個数：3401
 1 1 1 1
1 0 0 0 1
 1 1 1 1
0 0 0 0 0
 1 1 1 1
1 0 0 0 1
 0 1 1 1

個数：3402
 1 1 1 1
1 0 0 0 1
 1 1 1 1
0 0 0 0 0
 1 1 1 1
1 0 0 0 1
 1 0 1 1

個数：3403
 1 1 1 1
1 0 0 0 1
 1 1 1 1
0 0 0 0 0
 1 1 1 1
1 0 0 0 1
 1 1 0 1

個数：3404
 1 1 1 1
1 0 0 0 1
 1 1 1 1
0 0 0 0 0
 1 1 1 1
1 0 0 0 1
 1 1 1 0

個数：3405
2090000000
2100000000
2110000000
2120000000
2130000000
2140000000
処理終了時刻：2014-06-04 16:57:55 +0900
処理時間：3615.925411 sec

D:\Users\suyama.ikuo\Dropbox\business\CodeIQ>
