T00	1,5,0	0
T01	3,10,0	1
T02	3,10,1	1
T03	3,10,2	0
T04	99,101,0	3
T05	44,47,0	0
T06	65,68,4	0
T07	11,197,0	28
T08	75,282,1	141
T09	327,613,0	59
T10	2164,2628,7	97
T11	1766,2962,2	1303
T12	6361,11230,2	1408
T13	2486,6359,0	1177
T14	8596,38338,7	11945
T15	74734,134542,0	33961
T16	35477,233687,6	99529
T17	57717,732021,7	371649
T18	1188295,1249712,2	84100
T19	1469212,3488445,8	1215635
T20	1971725,2661431,9	374216
T21	3612664,11115935,9	5550993
T22	14021897,25915307,0	8125192
T23	16293079,79748373,0	44031581
T24	28956229,51465735,0	16553801
T25	248756187,326622620,3	81348604
T26	496085002,813777251,0	262561749
T27	281965927,449705381,2	155699961
T28	1590046604,5080813125,4	4093479299
T29	1469893985,5806174047,2	4865742016
T30	10729668540,17385889964,9	6019040872
T31	18441674861,20552568857,5	1942654772
T32	20943752548,37404293118,8	15772376218
T33	89760914524,252602641040,8	172818046478
T34	372685143205,614738979818,0	271847213926
T35	311092013160,715558286719,8	443966022456
T36	877055283034,1133075167341,0	386433827635
T37	3577552059505,5721254585526,0	2564361501302
T38	4331884268509,7172807178391,9	3420845753971
T39	10780555984037,13077075322734,3	2803888910108
T40	11143750221034,57629812742206,9	59736266200544
T41	29685680401357,40863763369545,4	15261031155724
T42	64950491092189,162957102289964,4	136656405514980
T43	285614939702627,671352472291019,0	541907823592872
T44	1632688493048891,1807370260549929,4	247551524502452
T45	1090991911151983,3757645126492252,9	3934937225560395
T46	6429165733121302,6728431846418458,0	419096488948133
T47	10833228364507232,15236979472080112,7	6564530459749872
T48	1,100000000000000000,9	170000000000000000
T49	1,100000000000000000,0	158888888888888906
0	1,3,1	1
1	1,4,0	0
2	2,5,6	0
3	1,9,1	1
4	3,8,3	1
5	2,8,0	0
6	3,12,6	1
7	1,14,0	1
8	3,11,5	1
9	13,22,2	4
10	11,45,1	13
11	16,24,6	1
12	21,25,0	0
13	60,63,0	1
14	33,36,0	0
15	71,86,8	8
16	14,72,1	2
17	42,80,0	4
18	41,183,8	28
19	13,168,8	26
20	95,251,0	36
21	218,225,6	0
22	27,70,0	5
23	237,262,5	12
24	218,295,7	17
25	193,201,9	18
26	16,37,1	6
27	144,218,9	27
28	428,644,5	141
29	495,630,0	34
30	225,547,9	62
31	316,830,7	202
32	558,960,9	141
33	85,309,9	53
34	743,889,0	24
35	792,1433,4	158
36	215,445,9	43
37	359,1103,0	249
38	1132,1974,0	164
39	789,2302,0	505
40	1508,1817,0	63
41	224,921,0	140
42	1308,1500,1	232
43	2210,2270,0	7
44	1428,2375,1	857
45	208,3459,0	947
46	2896,4316,2	586
47	556,4467,0	1181
48	3239,5202,0	590
49	204,3419,0	947
50	4380,4668,0	59
51	5546,6282,5	661
52	4727,5056,6	63
53	505,6317,9	1761
54	1056,6943,0	1723
55	6284,9149,0	876
56	538,6342,7	1760
57	1544,2661,0	322
58	453,3736,4	996
59	6896,8536,3	531
60	4114,8296,8	1535
61	1198,6408,0	1550
62	6943,7875,8	259
63	9596,12609,1	4511
64	6211,19382,9	5300
65	2411,4896,9	695
66	19703,22331,1	2130
67	10352,15420,4	2528
68	1004,21684,2	9923
69	13381,24271,7	4271
70	9816,21266,0	5485
71	23758,33062,0	3824
72	12598,33781,6	8438
73	28177,38798,8	4755
74	33116,38450,0	1564
75	37666,39789,6	661
76	14620,33842,7	7842
77	8125,28391,0	8047
78	1301,30107,0	10775
79	6013,28624,0	8808
80	17467,49444,3	22598
81	10416,18923,5	3601
82	28221,67219,0	15699
83	12384,55556,0	16937
84	32688,75394,4	27741
85	15581,87088,3	38401
86	63542,83837,2	8060
87	57659,84764,2	11121
88	68508,108156,9	25925
89	109354,117914,9	3177
90	16618,97218,9	39439
91	13354,15648,9	659
92	25202,130933,2	56550
93	83395,97341,0	5195
94	53919,106969,6	31885
95	86378,141291,0	32482
96	37289,64305,0	11108
97	89564,140788,2	30342
98	26016,30547,0	1935
99	47709,78719,4	14592
100	21751,68979,0	18142
101	39204,136294,0	49115
102	129687,204262,2	34957
103	87852,236219,0	79576
104	8083,258407,0	120087
105	43166,125987,0	42762
106	224758,320674,0	48457
107	41873,287841,0	117797
108	85918,86456,6	561
109	83527,267652,8	89696
110	204972,368823,9	75103
111	67370,319453,4	120672
112	182492,286120,0	51133
113	359341,485747,0	60880
114	84603,144612,4	28624
115	209863,583268,0	180217
116	31481,527447,0	247796
117	59824,561936,0	251621
118	496876,554665,0	33359
119	162275,587787,3	310701
120	372705,690028,0	156225
121	87534,675074,0	295279
122	764061,775607,6	10361
123	304746,420948,9	56889
124	199331,393584,0	98245
125	288292,935605,0	329168
126	232678,955354,8	458838
127	285569,472572,4	166673
128	633636,635889,2	655
129	860216,1075129,4	106481
130	781093,1202989,2	212559
131	426470,1286869,4	507640
132	743009,1219685,3	231029
133	87665,1234967,0	679160
134	840555,902394,2	24959
135	991245,1207816,2	114779
136	210654,873897,6	435001
137	230065,1051259,0	460569
138	712721,1921763,6	703708
139	440940,1529642,0	644701
140	2012957,2196750,7	93111
141	906879,1692821,0	487916
142	2489991,2586081,3	48819
143	790859,2551726,9	1083418
144	2281722,2484733,0	100901
145	540994,1762153,9	708338
146	1852007,3045750,5	695889
147	1587737,3307947,0	1065989
148	38404,2152517,6	1255222
149	819422,1942005,9	701402
150	742402,2176442,7	877245
151	874376,1332462,9	333419
152	2554211,3060412,9	352840
153	1997546,2796267,0	499642
154	4413943,4645893,0	112585
155	3090163,3465852,8	179692
156	390359,966828,5	390988
157	538800,931585,0	197859
158	274443,4927436,2	3753893
159	1544149,2769485,0	709564
160	2293989,5381362,0	1845278
161	2640244,3088307,1	219406
162	3801888,6975063,0	1887114
163	2576089,6761030,0	2494437
164	3606657,7617940,7	3023341
165	1071960,4536670,0	2063482
166	2640535,5167981,0	1560650
167	5913731,7925805,9	1216692
168	6082850,7256888,0	706354
169	5317861,8434697,0	1857063
170	6793697,8807682,4	1206198
171	1471526,5376116,0	2351419
172	5142325,9575215,3	2713854
173	6990490,10701092,2	2254121
174	8988162,11681690,0	2648003
175	6460693,12148431,2	3493785
176	8911243,10166804,0	988416
177	4990100,14339730,0	6679734
178	1237816,12193906,3	7574910
179	4687807,14082416,9	6698421
180	10250434,13639368,9	1995052
181	4975949,16818165,8	8044973
182	7410967,10392112,3	1784437
183	190129,9839355,6	6819742
184	3609416,16740036,0	8862780
185	864124,5234354,0	2688043
186	13496140,16478290,7	1791926
187	16422510,18727753,0	1351545
188	5032012,10830437,0	4297434
189	1200123,8103882,7	5151156
190	7565548,16891053,8	6661755
191	22322964,24495300,6	1288670
192	10025757,28394085,9	11981649
193	11740578,16054176,0	2609719
194	19386772,29173177,2	15968059
195	334893,29581033,4	20627931
196	15080199,17233557,9	1280967
197	32967561,35231693,6	1327765
198	10632727,17615834,0	4560194
199	22220625,39031525,3	21137332
200	17660480,34396163,6	11012936
201	3707177,22037218,0	13002056
202	29870201,35678118,0	4503189
203	21044010,26003228,3	3972971
204	618495,10674726,0	6697580
205	43520090,48762109,0	3117532
206	14810107,27536899,2	16207959
207	27528732,34082879,0	4955104
208	21019417,43239695,0	15388631
209	639124,16383219,5	11377220
210	34351434,40130257,0	3621178
211	27004441,38026016,3	15634425
212	2754053,30750141,0	19548150
213	6398698,56729832,2	45172167
214	3293759,3472424,0	91637
215	73967920,77687609,0	2257939
216	53744736,80554535,9	19103960
217	16482269,75723315,9	41526315
218	47593840,62005345,0	10615193
219	21209025,46561845,0	17172812
220	31905826,51747168,2	13926368
221	75824537,77708154,5	1319552
222	61279626,86899509,9	17317373
223	19264403,98499468,9	63758510
224	7347931,101059794,9	76255335
225	44362682,99252506,9	47450986
226	35080255,98798694,0	44176974
227	106613846,116439434,0	10295873
228	76061612,117263350,6	29640659
229	124332329,134274239,1	16908492
230	130761150,135317503,4	3672965
231	38052217,126341091,8	71893461
232	16133281,97120147,8	66595075
233	64501260,160176579,1	136593462
234	35060875,169508562,6	114136920
235	50553877,159159959,5	94761107
236	13441281,171842925,9	121000460
237	76466398,164652202,1	136546964
238	93545573,114682721,0	24665135
239	74528936,172965240,0	79014961
240	15748236,40729206,0	17721501
241	44359122,103591522,0	45105203
242	127312097,177735679,3	45303701
243	151642695,184774424,0	22862552
244	37322694,88215865,9	35546933
245	124538677,246015811,0	94856946
246	154347675,170740156,5	17549021
247	54209562,55515468,0	753218
248	39294084,129331493,0	73025197
249	14756222,194829559,8	146069524
250	184138035,206551425,0	21957470
251	210793778,242538623,0	22283697
252	162879039,188035306,0	17118222
253	158354353,217359409,0	51401515
254	64440634,335058018,2	319307168
255	138545790,218752940,8	66310376
256	52586824,348090208,0	236341485
257	145392259,351600870,7	164703622
258	93994255,159481171,7	46245084
259	6796373,284834399,9	214819040
260	159299216,311638072,0	127375639
261	19891000,175037644,8	118076924
262	80724565,262539964,9	147106610
263	145866105,433349856,7	231444145
264	104296103,129780441,0	22947610
265	19009677,308772989,6	232884984
266	423830853,556726760,0	102747928
267	191450514,341102614,6	114830635
268	277858530,467016458,1	152479842
269	152658554,664696217,0	408215336
270	69216361,610983827,3	529087054
271	402632208,513643855,0	94972219
272	405910757,580540516,5	222382143
273	423476054,682101048,1	201110597
274	398957808,662162241,7	203901475
275	664433155,691962687,7	29561814
276	169961269,446247711,0	223843895
277	599860876,814834838,5	170118310
278	80999096,280100834,1	259451389
279	284791921,610046792,0	267225053
280	72544495,497419583,3	437929519
281	105852372,377589844,9	210065042
282	279787758,645072887,0	296217411
283	600662343,1050132191,0	413677663
284	106064068,1130982409,7	917967474
285	782584615,1184909174,0	421368581
286	472052353,516360716,4	59501214
287	398173714,1066914536,3	540092841
288	238939906,426642673,0	151651851
289	922448509,1220507350,0	338338368
290	808720515,1152575617,0	372601490
291	53326649,688254622,0	503961398
292	403067671,527406177,0	103536436
293	430826612,1053571775,0	549413690
294	268090056,1561072403,9	1135792619
295	53333943,514800764,0	372827592
296	447250507,1551771810,0	983658857
297	522455087,1183607364,0	622678036
298	1029714268,1753544669,3	686866850
299	272817096,756057607,0	387973721
300	1501251739,1552950799,0	44697767
301	619254621,1738009723,0	993190968
302	116606288,1736614309,0	1394007124
303	323864877,1632586570,0	1146258540
304	1415794070,2329936228,9	830445023
305	499227316,1764346440,9	1106603091
306	1233166441,1766689932,9	423059965
307	155181822,2438502229,7	2028958081
308	499021002,1744027047,0	1102007904
309	394560368,2632560764,9	1992239712
310	2755894224,2888571793,0	102641207
311	474225295,2960241696,0	2189848577
312	36840923,157025569,6	94252412
313	1768996015,2284135425,6	411069751
314	852428392,1602041738,4	694778412
315	117288306,2260592570,0	1910544822
316	3131045446,3656102371,2	518022454
317	994885514,2758188673,4	1614065422
318	384907951,2346621491,2	2119678088
319	991293986,1219694347,0	289000176
320	148964513,471384843,7	256803007
321	3365266069,3720978011,5	379188515
322	1471570296,3898596996,1	2667070348
323	1906046761,2315141907,0	430455010
324	1715838820,4645398339,0	2640773902
325	174048447,3822279312,2	4315550206
326	3994608441,5174118231,0	1145755518
327	1669805815,2205276631,0	530609079
328	621599641,2421946423,6	1618668800
329	1248161217,2985044596,9	1571187572
330	1757819425,3717655424,0	1771914800
331	4372562277,4557013947,5	203686146
332	793698110,3011028251,0	1993428529
333	3156051251,4215919536,0	951885207
334	1851172386,3515095088,2	2525359354
335	2306538459,5512497896,9	2864581688
336	4508565587,6196679349,1	1548534506
337	1138569036,1441572493,7	241803490
338	2841909508,5937655785,4	3775569350
339	3862463991,5818495811,6	1767154580
340	6114164474,8243590343,6	2786451819
341	3486633481,8530075635,5	5560102998
342	5375857040,6697841334,2	1155193360
343	804631010,6332453325,9	5019708661
344	977469084,2394387116,8	1242163526
345	1931316983,9285023987,9	6930960110
346	4735229379,7517973313,3	2522448054
347	3463556602,5460526736,9	1798188023
348	570252707,5461959463,0	4414699342
349	7723504641,10384371576,5	2332532430
350	287210916,1079521277,0	713875528
351	4102488961,7391361260,3	3023661182
352	2683411908,11020676420,0	8496678246
353	1729661434,7000245301,0	4710129075
354	1371134381,7096735873,0	5174036273
355	5432581424,9075563950,0	3285356654
356	2235239741,13811709755,5	11463698267
357	9012059048,13752015307,7	4239997164
358	1075344473,5339624442,9	3815166440
359	830473960,3223430607,0	2215308681
360	4952094112,15646777795,0	10655748916
361	2547682515,3835556979,0	1131739286
362	15115006738,16985372807,0	1589273339
363	1972587614,5214609918,0	2999218579
364	11644234307,16856940878,0	4668552789
365	6295348082,6953588729,0	530916152
366	2409542256,17396893410,9	14487724902
367	8937566795,20319466198,9	12270049288
368	13695462442,18148011025,1	8467029180
369	7178897425,17065191761,0	9876040026
370	4358654409,15684550040,9	11158548724
371	9908252152,22567172511,6	12328540588
372	4097488629,23823977661,0	19691357075
373	3288882204,11356882739,6	8247682944
374	5906648462,10761397717,0	5143619011
375	18584422173,18721244865,9	116108739
376	7688551262,24886447249,0	17458747798
377	1892392869,19694519189,0	17041269962
378	1766243786,12293465910,5	10418319533
379	13024932835,21249191266,6	8377533491
380	6495743121,16909423900,9	10343346840
381	6744362103,23187137838,0	16849689650
382	19644848097,24468052076,0	5355954255
383	7908514845,12931481367,1	8457744261
384	15021145311,33893862363,0	18969411794
385	17792602970,35625614745,0	18072811588
386	25868056622,30084076270,1	3771607924
387	18058607115,30015659773,0	11742936044
388	34669056970,35167123681,8	497836943
389	15723705953,32050643532,0	16709456431
390	32948828327,34730024957,1	1626698923
391	3255097666,32718604106,1	39472756998
392	18072549972,20767877962,1	4383611427
393	625417669,3780297973,0	2818230035
394	13543655533,31561417349,9	18212684562
395	11121992926,12203859240,9	967040325
396	4509075345,48829566471,7	44954240980
397	23414167996,34081205028,0	10608425200
398	12835812732,19210496673,0	5802329858
399	25060041355,53791324725,0	28822718912
400	2257118216,28505025928,2	34884548760
401	16975762708,25190196366,0	8469909495
402	6272818277,43448643586,6	37160634871
403	48644028799,53415933393,4	5588998316
404	14422039915,59337385069,0	44430228680
405	4333242809,43141888122,0	38946117663
406	35554586242,64187797487,0	28802904344
407	4377712793,48532999228,0	43729133993
408	11431039958,31093321285,4	19702302405
409	9215589569,62460162310,8	52891779285
410	7369983552,66049335451,0	58795016032
411	36467889631,67438122927,5	40869112960
412	14297137530,72604039754,0	58449130153
413	26080093620,44720265300,0	18738172971
414	5435464909,58495652423,2	62742094730
415	24557453345,44844940748,0	20231444929
416	63588433422,74122884965,6	16935297088
417	28305164062,93703067475,3	75615721972
418	18360706290,25510946178,9	7425162157
419	79099094858,96009350989,3	17227182813
420	49262322785,63684419737,0	14935248095
421	107579803357,107894483609,1	565522298
422	31274151367,67311785081,2	36451462674
423	91339469124,103305629682,0	15077943472
424	84898263293,94579080744,0	9746487685
425	91198446356,119936424489,3	28893205957
426	21323255335,108340645376,0	94652686758
427	39937647144,75111424816,0	35742291237
428	41080508811,70372418306,0	28726555770
429	65655033063,103255170122,1	41135304385
430	39561754991,122920386677,1	116910844226
431	10665206848,67251028978,0	56305233906
432	97847150807,127353891690,9	31757817154
433	20155977079,114707694594,2	104980080223
434	85285248759,114413200229,0	39209770957
435	142628300904,157270080627,0	14209152024
436	15112977106,59603311731,0	43986586059
437	80859866441,137924138526,8	65534839822
438	120030120952,150196433496,7	30135754714
439	70839771443,108824670722,6	38188920581
440	104997059083,120631784192,5	16103860438
441	19272383511,177618933685,0	168481880027
442	45448734027,63297526550,6	21381723804
443	21689718207,69653896966,7	48164572439
444	52725531233,184252108571,4	141579999846
445	97754286188,191188267474,9	97577373646
446	6256862010,14670443636,1	13199636170
447	81183444485,202174186101,7	130887662624
448	113597856531,203233305409,5	99606365995
449	135711674179,164668017567,5	38358093868
450	84678753037,175897395550,2	101073216801
451	124045516816,208499116793,3	94057099998
452	49438243730,79060078398,9	29317948104
453	168240794472,282259653558,9	124612982805
454	198128089017,215422282069,9	19408408872
455	283680173701,287141601104,0	3173638688
456	153624168690,306781244259,0	169601484977
457	102083386058,121983760940,0	27753418246
458	42369994264,50806911461,9	8555085810
459	267919939424,295341442339,0	27735951881
460	88308170791,302775258892,6	234076235420
461	181046856106,273928455582,0	102560143686
462	102197458181,250920320775,1	265590818377
463	181568730500,271957341590,9	100369545901
464	54477387894,217242785563,9	182516199333
465	253787419424,318530618995,5	71433199490
466	70066209804,260517638870,9	210365810903
467	228527835960,310296014947,1	81903901595
468	29800058364,347010931492,2	447667480559
469	387145378876,390249843193,0	3032479556
470	47087974640,271122673282,6	253623822877
471	431739495672,450923846621,0	19173426917
472	9495179695,314226955083,0	335291990663
473	244637791725,492186144401,3	366736190112
474	109267215818,415269969910,4	351671651130
475	63199088687,244025283686,9	200759521126
476	188840098009,219884611543,9	41815269539
477	328839565564,356593713052,7	26907492352
478	134183241026,279751769462,0	154958060558
479	451327216898,462754421974,1	11912088697
480	147241187097,529275477965,0	421823546180
481	117073546276,163763426130,1	96669275485
482	222812248370,640682481129,3	568099212776
483	37912370189,401836742247,1	494380961686
484	160375410443,205667736349,9	54734359781
485	61207759300,272807365260,9	231379802486
486	414427074858,482002476350,3	76762300450
487	288233360306,478334964665,0	210080901964
488	393334880539,523229481326,1	149915800586
489	55804686772,775698993002,4	889915865071
490	458586896058,549459257799,5	141585105830
491	214442675404,607529563359,0	430299708751
492	53383418462,177138784460,2	133308186800
493	227961345332,334644527854,2	191126199894
494	78321380148,401041767544,0	354457730122
495	28263195100,65113159423,0	37184985273
496	359079290578,553072268681,1	214595791421
497	57301919874,268680572103,0	231202873977
498	596955093416,944689421958,0	387983578088
499	283446846719,980173669058,0	766252777782
500	697747898488,883563190314,9	198503340912
501	194708510473,656743607498,8	501824537640
502	366649682712,367871791898,2	1075253027
503	392494051997,859459183683,4	617241142228
504	517648281494,674419671651,2	177109814541
505	427358329773,626378252855,0	219113959918
506	80856596672,523172609575,3	582223214457
507	378129764812,471478239504,7	96330789725
508	815340299823,1116151930996,4	330757712515
509	1210006542583,1298491240846,0	88670221554
510	162073904449,1296811993763,3	1345285941077
511	754390696688,1384053862211,0	789688052237
512	135279539884,865804912485,1	865138642421
513	489110939095,1399884006376,0	1100610900822
514	290617328192,1237047710826,5	1136741292824
515	28770835540,621732401050,9	653672986701
516	30428573919,394450138958,0	394186550544
517	371023065297,1461338793106,6	1291590259171
518	138734830575,1346769497062,0	1428223826387
519	1318793117354,1560228045839,5	331473007275
520	377249316642,564051955599,3	229892292402
521	888199706388,960231518062,4	81822104537
522	153238069773,1532211372992,9	1619081951265
523	1367620406059,1664797042289,0	327433555056
524	1297672152951,1384306879472,4	96211740448
525	1096289357268,1545852808166,6	489354773011
526	1018970368996,1221775948074,1	527155449876
527	178258328447,1042528556794,7	1045560782123
528	311569110825,2222229341661,6	2300623001403
529	95498547737,1236926995027,9	1355770018869
530	1028833055564,1173038691000,9	154863315695
531	1309088910380,2310061532356,8	1200871687837
532	1187869744808,2072077371238,0	1046920353463
533	210830825614,1947601120616,9	2053720369117
534	1267050988788,2327297871573,9	1270199926645
535	1496881793365,1924245101192,0	477694054556
536	995151822172,2067103980174,3	1281757263576
537	2496765217845,2581543132450,4	97551669982
538	712297621159,2481726273854,3	2149540131695
539	1438573847101,2147175580378,9	878781063947
540	777881952277,1490010542773,3	881900196200
541	598461673614,1105070552895,0	662027000436
542	1940272612247,3166343112242,5	1456449249999
543	743992053399,1554731239763,6	890687494970
544	2134758353694,2377729633752,0	262679742016
545	901316213256,1430573636297,9	677984195656
546	1628441000693,2496560719054,6	1029414294890
547	841391965604,2760164860279,6	2309080463670
548	163391274377,1069596443881,0	1065159531683
549	1166652548924,2044764444029,0	1013052592580
550	2755035604540,4004346185978,0	1478104155262
551	1616005430916,3572015575078,9	2346407067310
552	1660327064702,2018970665401,5	388820200542
553	1704515367485,3416141181953,6	1981639689856
554	521009758355,3679739554424,7	3778559948312
555	599954566476,1337646243995,5	807995830874
556	1139401638162,2745373958351,0	1866378719877
557	1826180923793,4043947556648,0	2681863645731
558	2873617478842,4542664526035,8	1965515749513
559	3906397892664,4351617192575,6	485292849835
560	1201484650098,2744800459672,0	1801466772970
561	3527173116472,4124408304305,0	757492393981
562	915885066259,1151047743661,0	355681318584
563	136585024229,904861408192,2	938422888930
564	1618021576089,5441384668000,4	5545763850584
565	1757744886537,2885839869842,1	1580531106424
566	111118390575,1543575776249,0	1672160394162
567	627972825699,4344562621097,9	4486900072980
568	354053790639,741303435564,4	518744398984
569	1364248094176,6080471377877,8	5687048216820
570	5437607315063,6631168908017,7	1413636367770
571	1425475250981,5271008841545,0	4625940779327
572	5208914744433,5831527883809,6	782289875878
573	1148781859463,3491980239369,7	2782877132518
574	390028950094,494926590673,9	119242797948
575	5624412290015,7733235273070,0	2518955793947
576	5333028790354,7445647680348,9	2522293345645
577	5011926052974,5732973425655,0	879007382890
578	3047396160857,6957059257577,6	5656783944816
579	2679460928704,7507662330254,0	5816023302317
580	1637599674139,2605258571379,8	1167920920524
581	959652866973,7865714256776,8	8261167085664
582	331564129467,9100051476566,7	11548691374687
583	5326835839160,9058418232743,7	5502368397062
584	936259084458,8967745370204,8	10599035110502
585	192121850498,7861502293142,0	9139398610480
586	2060690389259,8375136290684,0	7583681383291
587	3329524772772,3626265960437,9	326563983002
588	3435902348123,7780144125933,1	5173843143206
589	3788593535758,4793378051421,9	1208703272401
590	4117930333055,4671856813773,0	604538509132
591	2647759617016,8085823524768,0	6564078878098
592	3205525689968,4526250551018,0	1555151796385
593	5167431171848,5682367159458,0	565444594321
594	8279333389240,10048917350977,8	2870252337041
595	6298189974965,7750611946867,6	2493957151355
596	2575596288037,12425045624219,0	12839510199121
597	5458780804831,13165827535964,6	10282160498293
598	1821943990070,10112734361824,4	10920729560301
599	9481279070538,10796725684940,2	1545879620683
600	8974851149662,11926324656974,1	6404031267787
601	3226219832001,9064749904407,6	8023251111088
602	2020610824765,2206235518880,1	296107021337
603	813964214436,2050738579655,2	1516860250762
604	1898419730193,11711917849520,0	12804098857580
605	7851384429778,11330168834807,0	5228097437319
606	2945194167806,8662684591425,0	6887693210126
607	4329862983256,14247507106704,8	12906857482483
608	3436564449386,18137301159954,3	19134758375269
609	10614640017059,18327920539979,6	10269346224774
610	5292160857229,8420396294194,9	3746229756253
611	9868644237889,19214134562686,0	12285993160460
612	546845873641,17831377110110,0	21715121824108
613	1224137170307,7465071117829,4	8536787316825
614	647860964425,6240706631020,2	7693279066936
615	5416039967447,12869715694304,3	8903333493524
616	3590854953785,8761114097115,5	7199351566609
617	8183320429014,16749336251614,0	11225411080792
618	16545435306026,20022673991517,9	5227487227635
619	14151266567078,14297058014827,0	155191858933
620	13069077609997,18231567769554,9	6183115463373
621	2877029236469,6158180244478,1	3969276092359
622	6543493692866,10177334087757,0	4570812372995
623	1460972706261,11363533425003,3	12856413157661
624	4278286897424,18671163317831,9	18233603910657
625	1761231736987,22345608831150,0	26743902079487
626	12847545172556,15449173639353,8	3114954864504
627	4399871087488,28923952259102,0	31384666701037
628	6956277297019,26043348083544,2	30940730184520
629	23175420876965,26918790848356,0	4422988959871
630	12350937152291,15679176514428,7	3967570461191
631	3229816661346,22883294185698,8	25599756275027
632	8579083785145,13139731060102,4	5410613339490
633	1890201211368,30216683300415,0	36283268113227
634	15767895277944,23509244751083,8	10322179361984
635	27152615886879,31860268469823,8	6638185439729
636	13798058631392,32343691833207,5	24195104269170
637	2935296370556,18600871647193,0	19826706434856
638	12563852370494,26392928194900,0	17609162509788
639	2277527992720,27599333958526,0	32351644585761
640	750646360772,40566421644938,6	51702019755728
641	20986391456413,28979442131866,3	10592753875050
642	24144115630690,38324410337886,3	26339156473998
643	12372697598259,27845863518222,2	27996304879659
644	10504103982815,15379665331101,1	11740610244030
645	21645539930991,43549382341519,5	28243281883661
646	12867451218194,38938397109676,3	43217643875529
647	23089076540352,29380511572027,7	8521248474214
648	10551966587796,21376327295945,5	13960949189983
649	2731450820053,3214322293734,8	632599918985
650	40920617533794,42837496830390,7	2306701945523
651	14429617695022,43410631010666,0	37781540987703
652	32321257936850,48295382183405,7	21173706592065
653	7467239210024,47403846572484,0	51930731948223
654	4519249023999,53552702687912,4	73323909188183
655	3390797424800,41449183954514,8	49658604916456
656	14460298623045,40150941097204,0	33012104097856
657	59612267462494,60134871226039,0	807154511094
658	20785089789835,53429442975938,4	52133365822637
659	17040339926805,46396878269016,0	38246147213053
660	23862589451826,30343814038807,0	8174901771712
661	7494472803793,28757490594361,5	27591203284841
662	4852051354901,57423361653553,3	78121570501397
663	10539852376864,37329843899014,9	34169985389916
664	22630614943835,33069798892256,9	13579046112518
665	6636617000066,31715933309082,6	32515582753442
666	33367899985426,76406776572966,7	62054852621746
667	23329205350168,43736442655213,1	26447496352541
668	17199953912270,25206111194582,8	10605530342664
669	48365683719810,64645669854528,7	20509980743532
670	21221705236266,34860518164068,8	17359467089499
671	54810220064831,80883166737106,3	33282829772871
672	15776735419413,52319062587639,6	47792326455710
673	1228909036705,82599563050880,7	115610517406333
674	21519287320715,59080582589660,6	49121136137647
675	44311311302598,69026626453527,4	38063228528615
676	21445846460807,30167607591249,7	11492120854585
677	28970091734292,52459298065050,0	31239180358674
678	10973823774687,68568782940881,0	74180637712035
679	74679982502230,80848464060876,5	8378586981405
680	4751603884662,65295182569729,0	78693261358854
681	26332892043514,99624571764325,9	105170687243399
682	95191968147108,110187613804431,3	18996112227696
683	63291606340925,66365737594689,4	4684701830921
684	28902915407208,46305205117558,1	22942127371985
685	35356333807110,86046676743767,4	75857057511572
686	52001948803584,119246800197392,0	96770478681195
687	1439106858811,119787747905119,9	163766349680390
688	15214841578560,80968532356582,0	85791885847986
689	47473496678355,112952479349804,7	95152094623235
690	100308093929044,116578756528382,7	20499336556540
691	27036561974108,51621884742587,0	32509193713382
692	40269354901189,53006645458570,3	16314223940660
693	19793900608630,21260013594481,0	2815525757840
694	114606324422544,139001162118379,2	41234271241511
695	36753108038860,58515499484705,2	28132213918765
696	6994839184853,7233408975147,7	492067866356
697	47579272805055,95194482438432,7	71596128298813
698	93997293513454,147194590585746,8	68817538234406
699	21941736642785,163346384506999,0	193744213732241
700	101380155067228,117771674873561,3	21651258835307
701	31590299934345,161458125215098,5	188765882638208
702	92559335735406,175387523893350,9	114848680405924
703	108838635598763,158721526008227,2	74864135220278
704	110193423920011,160936732837257,9	65856255253380
705	2366076568785,168230537699390,4	236044062662120
706	130187250510686,146719037930053,6	21600669437835
707	25557847810783,142248265762888,9	162060432770620
708	117091748042121,197698581495079,0	104674416036623
709	58478517569197,202419665662861,7	206732495708733
710	48304602854463,103095065149424,2	71670373493028
711	195361556361854,200490031502703,0	7117709079789
712	118342355202524,211490651971409,0	131758089956564
713	75688053444980,85063356631533,5	11590049368047
714	146017670083357,194517203321383,2	63249527337171
715	188822667981171,225272778407712,3	47700087311004
716	207833234664126,245622091536782,0	51535737011383
717	58404658089654,248723608702473,9	267349065315208
718	124628120358994,170197264658869,1	104285700149729
719	91009273835795,143554009776307,0	78086656447235
720	117477656262820,260376179854852,1	280533383425817
721	8399307811537,34101075743579,4	32972693509774
722	258463748075166,268090346380096,9	12587325332587
723	22081319109158,80585317307991,8	76742913405500
724	145955462844978,216895008117738,8	102134649429257
725	27902913619706,154500678693480,0	174955448797408
726	41687760825069,144431618462004,0	143324489789956
727	12879111371147,195651634330051,9	253004738742586
728	110574593712260,171883955353515,2	89539393027126
729	6535079026811,20167019383277,9	18391758529454
730	25163227358774,191960790635705,9	229099326848211
731	135306840894054,310786960926415,0	248310214087446
732	227403376696361,317490833348628,8	127097703369915
733	261834437456702,269045674313774,2	16842322980191
734	170786593104234,343790456278280,0	244817357059018
735	103694535687810,311468309939646,9	290348886822694
736	26002045358023,64206277792350,0	49926024132622
737	148427300685089,341692676539174,0	271885802161052
738	29833120684303,130887425372963,9	141420722161287
739	204932202312905,216815291333669,0	20340567782441
740	60551649575792,145410760416844,7	119849247937366
741	41698989705095,50894608257526,7	12114993166115
742	71940463130755,384926192467732,9	436570912368809
743	144396796013953,438505677273706,0	411924684083706
744	172911592032143,173576993496786,6	735914333009
745	8430218744003,89455800001699,0	105225737986130
746	74222576803233,377334022466210,0	423721284897876
747	118778680252763,166001627155482,4	71642653151825
748	330628299221649,386498405402452,0	72421790865518
749	83273753956866,309705892417105,9	324387801911500
750	194184960446040,460225443221882,4	436280946411263
751	102724607420281,129293641836801,1	70488168860226
752	92501024767559,357789600085728,4	375318762389868
753	185857654443834,442342073977315,0	363835007640414
754	33827141728857,564850536142546,0	740223551848686
755	13139544742932,34963403779236,3	34028199266713
756	99369528398646,485187380212926,3	641928537820883
757	13856688297236,96291225927054,6	117175574944545
758	36549841669380,644268127507399,0	850288529522802
759	264654257839812,382210272420784,7	173116412273255
760	249739382941966,358249813177010,6	151160441124509
761	320361331491181,519148473502240,9	277714882715376
762	69076080272504,148224690063239,2	112988166950665
763	242174133738193,395370343707140,0	208815910691977
764	106249806958420,674871344589447,3	899381381201761
765	125139111353471,275205636888678,0	205072454152219
766	338589775051030,766339719595750,0	596329960716383
767	299105290082890,722843682307074,0	601413225167719
768	698516853646999,804640735030877,2	148343506793178
769	62172262159545,559577767178525,7	696851242570783
770	222533206164957,241984308033103,9	25375289170582
771	447689740504780,632676705590401,8	260976534539952
772	9496678122645,267572536355963,7	355251354502345
773	597712271472313,642221759959451,8	58459492145124
774	573259404175233,728832777267580,0	221633996671432
775	207403102911634,256401784045907,0	66394322020169
776	206314979000447,541776982286287,0	470186824042976
777	356583290745268,841711537380166,2	680137412268144
778	634054530116550,927647888902688,0	411298450954413
779	78924216184982,348495064723096,5	370430847888519
780	732810989970415,786399973352474,0	69338099122776
781	116483990005918,154538532174744,0	49664140369909
782	365726034250864,851111969687248,9	681526314588476
783	771130605672477,995972851497773,9	413740547010656
784	307301797437383,1018077192019075,1	1020009495311360
785	161110354060111,371291728613465,9	293192930294431
786	251232962772657,548570955476812,8	416339150128062
787	309385717872759,1039211036653245,0	1058641108725932
788	1051575396193936,1183768930361067,0	230037737654323
789	184727626480338,945507312510402,0	1068957063132478
790	16927044291697,1162199551832725,6	1700574713107334
791	440495526714883,618184217855640,0	250763326951373
792	522646595437885,809333642962979,4	402949740056729
793	697724470965666,1223538494594231,3	733540606399972
794	88419715782804,1098045993187672,0	1510578600876819
795	441277114477831,1305306982601821,9	1312839870472021
796	311304035786573,978562698737558,6	1037681532245834
797	156378760548750,1253413565331225,7	1636435521795247
798	356659593866843,469759407267789,0	156709856368074
799	508509400536007,1371860551303905,0	1304472775641156
800	107378173827529,1208790337440409,9	1641653271646289
801	523829182415381,1381535121009566,0	1295276357106372
802	352774337321273,672070942420606,2	444422488569065
803	863826246704202,1550126373204958,2	1061530278651768
804	235151708904871,702484722407132,0	650247433655280
805	1473037445111086,1589228428214909,0	160473442740000
806	904657090060941,1309091490681001,9	660810812229199
807	753481083238956,1072356461356255,4	444584782984460
808	1234332156293484,1941127317795189,1	1695024471444322
809	1159238514452605,1217967842547616,9	86228687942513
810	181665609946689,1742574881213109,6	2379038189896137
811	904461055489143,1693582188399585,8	1105933199953705
812	947778583773955,1362236871195605,9	631629847740131
813	58385039883841,693226726552891,5	986437471215817
814	1653094411660163,2094690936632306,0	708553278593919
815	89231073664948,1228882779902696,4	1691621564714399
816	104033112061816,907374751211808,9	1131346158691808
817	709070590727592,1105552227642281,7	645660324315353
818	431671639123978,1732214897761029,5	2020592911225105
819	1686248001437052,2154251041021827,7	748602727794406
820	109749988303630,2053479768050464,0	2871229605572199
821	412215673972097,739050621037743,0	454165705348870
822	562926568094524,2293350548224613,0	2619564134302109
823	1384163857488241,1609265413550890,5	413111754739267
824	922900179116733,1549817806423277,0	974317447542816
825	1271006743200352,2051665856334593,0	1146481558807430
826	244515732663248,1689654934226653,5	2229237729776242
827	1669367176827743,2431014896780098,1	1500560513875377
828	916200314409425,1647561356987525,8	1020590929587946
829	453260895151347,1351998164328515,4	1305246622658399
830	954230765553521,2316669215378161,0	2110877899355903
831	2372943858437137,2753160799755597,9	534293400831553
832	267266610731596,1229245379380791,0	1450378907487936
833	1446281428148606,1764174090758095,4	500093730675567
834	684955551172647,2870394726883810,0	3260973969238148
835	427551296314056,2333706261842577,3	2805484260884280
836	237862433128736,350952399857038,3	209789940399333
837	2176244958042614,3109447626607029,1	1336025106739703
838	1357427895614051,2522665878121034,0	1735258187553082
839	3562628385421418,3616580168374160,0	79741796145006
840	1473066889480490,1597502046048635,9	178787775554580
841	2132115027711658,2281603223992082,4	214437356742082
842	497247519750219,3977868389838912,6	5274789188884552
843	358117941699566,398397567544816,5	54191734307647
844	124162405808811,4245624531759341,2	7219269159481275
845	251501311766091,2613313524578656,0	3510200656938634
846	1330526683569467,4251200142784898,8	4386844167941125
847	2569774183623391,2586648306269549,0	22263701887385
848	52155325285105,3160017826684840,9	4650452200799844
849	972493496153342,4267621640605647,0	5013148321231956
850	999331518921463,4345519291926566,0	5090407011801520
851	3017848303085851,3657832395914450,9	891984670550522
852	992913016482429,2632722314591105,0	2501789422371205
853	2852069083596403,3970585575367776,8	1712102282253338
854	284121559317868,1204584178249413,7	1386512401611960
855	1070415292118473,3699780750065245,0	3907365035627849
856	807641399289761,870178186533807,0	83622918572259
857	1970441250917271,2139421081911190,0	339338592674831
858	734431050510865,2083166939971632,2	2066573252605890
859	334267274452575,2714183636234510,0	3533906693092594
860	1787834398862204,5851684072089588,4	7092639414138664
861	1095533935916947,4314939084390825,0	4819710762603883
862	3093365596987558,4669079669811460,2	2407783660709180
863	452377337131818,5353549825304023,8	7361393217192747
864	4428145105664691,6138136278767017,7	2592991040684817
865	522310624289417,1510425308059306,9	1484724248287869
866	974516271697638,1986873512797194,0	1515787498649906
867	1020128476443069,2290012236035028,9	1870886647831625
868	3914096548526397,5693159109022564,0	2682875802767570
869	1103861914779463,1197617906366572,6	132452385844957
870	1210997023344260,2496553225942844,0	1890719614810999
871	1232935732244207,2302940009397302,8	1601004924280920
872	2183739309330535,2348172636432680,9	233373649589555
873	4049670862371696,7733405258765891,4	6499068451920739
874	2919238936819426,4581306474570106,0	2521474301240449
875	1149194439692488,4085089323891985,3	5407084323591284
876	4056070200473288,6390273041244951,2	3564096619205064
877	1524192384276157,2934716458603739,0	2073583661564958
878	6194910755038553,6973526061593598,0	1092375051488997
879	1199462413774774,3994839502835427,0	4114416365269663
880	213590068724683,3703360658255471,0	5180111751823837
881	4124275173638299,8112136165634325,0	5984450894198813
882	5403869865753524,6933708987747024,6	3272528322438077
883	1155727327434305,2807265688156401,0	2414154170615019
884	2547256714873171,9325060909293572,3	11106444664902155
885	4153082845149286,5001457581055993,9	1293014285552753
886	894621064134668,5133400795151630,0	6440550307775691
887	5282718667180770,8045446334616613,6	5161197196685980
888	3572729525782527,6437255454502721,9	4313475814485513
889	4396142684004075,8039057961174130,9	5499420062622203
890	5540720725184456,5847486434337552,9	428135166480920
891	4215496165723163,8330073973305653,6	7159537884046424
892	1216573870559424,5350606756837924,4	7193833610731577
893	738232135489048,10715234842032078,0	15685637206942092
894	537927927106869,2300184170459993,0	2661145031354036
895	6029006979840734,9578436035482962,9	5842698224377467
896	4760200099420217,6376137892144318,9	2460126927963105
897	3208909688468964,3571430990574184,9	502061856463020
898	1514489444130051,7096759558338841,0	8403459647842399
899	7443767068928241,12425519146517946,0	8476131895667599
900	5499624661448204,13426695415039960,5	12395856350828274
901	9639676766293660,11602726615831238,0	3945386500506557
902	8685897360201011,12564978529951304,9	6832962208522963
903	3644959893039317,9894423728989850,6	10409353572540886
904	5755305853890874,12857411892258050,0	11642520573195441
905	5692688419484173,7498674329909922,0	2727186327219578
906	3550926918060753,9882176793326200,0	9460642975114427
907	3111462319991580,3602587643014163,8	688342398822982
908	8469750261708987,16056132962349144,0	12378856061057307
909	2738390879413447,13545166164794636,0	17229154950768892
910	7974677314499314,14743678221015062,3	11179479030372489
911	1837355454160652,8625822600538568,0	10205117412867867
912	11406051998212482,14696997226631230,9	4905136363476384
913	7202871158645609,9337929147230092,9	3523025633884671
914	12453937818908236,15327526593367788,0	4325348912725569
915	5367940690859910,15526506908479156,0	16226322797846339
916	11472410946724624,13524805757576242,0	3077830158372141
917	16504370517928148,17893707207198092,0	2041803221167868
918	14358618072542728,16436506275965340,0	3111474665431435
919	6786284654059857,17535083982808166,5	17077747331826084
920	1515591517386710,1980362832434160,4	653651150052517
921	947851533753632,5779812164060543,9	7214321231559993
922	6063439565190847,17940932854668018,0	18767437222117481
923	1415591974046547,3258407455765403,4	2769711425498739
924	7066787199919816,12820469267843974,4	8649421125607186
925	6099462634431078,9100237608833370,7	5500955091534023
926	8118227056706107,17075679857577380,0	14410572341403518
927	6951140040245853,12918500067981808,0	9956790142772662
928	6256146577322301,8862268813830685,2	3891523036199948
929	6788520726603947,13014473880361006,0	10338616971397240
930	8326071987848379,17233188059785156,2	14306642532101736
931	13204847152699278,18266599425103320,5	8591131442908568
932	964010348291173,25186881651645720,0	38409441446398969
933	9700386374314366,15165721546746034,0	9254602891783740
934	1317713421965525,21329970564205136,0	32015676973626195
935	3783755743917716,22742470512885980,4	30438925340241702
936	20885585341638284,23284056960763812,9	3658221454224426
937	10954602847936614,29351637160308648,0	28701838252922673
938	5413536870811134,10383548242828656,8	8454559715070562
939	15604115441464132,30576285369748448,3	24039875279440268
940	23092754215148736,23999510006231552,0	1275380927189785
941	12213600328834194,19001150845540004,1	16887162291003294
942	15755873311597054,23756874353340636,3	12758076022845555
943	864056271801826,17502229658158936,5	26892016495298106
944	1775910001057727,4102561824996880,4	3556583482359497
945	10883620034190250,25493094265353728,2	29445419078303255
946	10170004271730360,33927160678450600,4	37654576553288385
947	22287252120631556,27165338742971340,0	7331695895734403
948	11045097638583668,23630165392510112,0	19875148113712885
949	2678307148221884,27066914878681964,0	38612185611684099
950	1590436871994023,35239049863137496,1	63922835821726538
951	2026664770094409,32606344527986224,0	48883329568449561
952	37210612880330544,38633297899520928,3	3615436331797223
953	31590047531173524,39971553417634728,9	13578815613930274
954	9184585952410924,37878082764654880,1	55986561195916337
955	7115697324094396,7423343130113001,7	737851726531831
956	2061984650965622,26559086409044344,0	38733613367043433
957	30512773968480200,33137696518088568,8	3971922244419774
958	20568440914946656,22214346885858416,9	2510095354561244
959	3340015530123918,5481169561352764,3	3913342571401768
960	6881063794197770,15189110112884884,0	13529692081832237
961	27920248233992232,43109232570730168,0	24864769202542658
962	10728145488739096,16615543052309532,8	8843692356970796
963	12179390378156000,24881616152442216,0	19983655844388952
964	16368510984843292,18547316970293836,9	3252585375774494
965	6715992287956118,20464164485779724,0	22107056444488746
966	10368218369488446,33086061936230716,2	47003414787518918
967	25736372836498644,49898039045503000,0	38219974657411271
968	31600028143982008,54300875167172192,2	37081029171914216
969	42332264423712736,46932208661742320,0	6839942448554240
970	11285129123221138,33781032887658932,2	46708966052698603
971	26807123435451684,32230261840600968,0	9192886928820950
972	1389664221946875,34252658702855900,5	52304252492271307
973	29189750235854500,52899948392310056,0	38493218084077230
974	44359099512260848,55310258851881104,3	17377538717428303
975	13537951505518236,48045900209586080,9	54810497567081291
976	26143127112428884,43441746920721376,0	27918279745669176
977	57219305707408048,57239797225146520,0	26535707851406
978	17148090833967976,27715174732838412,2	24602669252015010
979	31599551704927244,49413789522965480,4	38065637097829249
980	25267452607274980,51357791599093744,6	42120026479557686
981	16966363832336898,38957882041599400,5	34986750408233502
982	1820899736423920,26123974552307556,5	39423684305159202
983	15403701688945982,36798258283060240,6	34951665169570746
984	26483492753378428,29954622077754196,4	5179475928687267
985	43169042365550128,73474755677905056,6	58427840666286284
986	5047307193421361,55732141905022984,7	80992649786180795
987	27978436958681992,36961619786765120,6	14431061971234544
988	56927837689480664,57174492300643184,7	519071409999854
989	31145920436411496,31329588546119696,9	258995396561339
990	19637494013596368,34221677401379592,1	24282186495259393
991	42623281030129384,43627178144102296,0	1504686460123410
992	28991598042109876,47536463717407296,4	37395282575861197
993	21637689735982200,46535804945759656,0	39357730612649853
994	52607435070307616,54121766442422672,9	2319161200256506
995	8536444601601424,67291294931841744,7	93453135293057852
996	22034793843781636,90418741481441408,6	119539737816523922
997	3579894367419091,67647729479571456,1	112098424588272143
998	14213286705172418,45596483776415008,0	50027817354554309
999	74306559639528368,98323006207907200,1	38031686947981663
