ruby CodeIQ-q1116-2.rb
処理開始時刻：2014-10-15 13:20:56 +0900

[0, 0, 0, 0, 0, 0, 1, 1, 1, 1, 1, 1, 2, 2, 2, 2, 2, 2, 3, 3, 3, 3, 3, 3, 4, 4, 4, 4, 4, 4]
30
loop
1
[]
loop
4
[3]
loop
16
[3, 1]
loop
64
[3, 1, 1]
loop
256
[3, 1, 1, 1]
loop
1024
[3, 1, 1, 1, 1]
loop
4096
[3, 1, 1, 1, 1, 1]
loop
16381
[2, 4, 4, 4, 4, 4, 4]
loop
65461
[2, 4, 4, 4, 4, 4, 2, 0]
loop
261088
[2, 4, 4, 4, 4, 2, 4, 2, 3]
loop
1037548
[2, 4, 4, 4, 3, 4, 0, 2, 3, 4]
loop
4099162
[2, 4, 4, 4, 2, 3, 3, 4, 4, 3, 4]
loop
16059850
[2, 4, 4, 4, 1, 1, 2, 3, 2, 4, 4, 2]
loop
62884016
[2, 4, 4, 3, 1, 1, 4, 4, 3, 2, 0, 2, 1]
[FATAL] failed to allocate memory

