1 3 1
2 8 1
3 5 1
4 13 2
5 89 2
6 64 1
7 87 1
8 14 2
9 47 2
10 47 2
11 81 1
12 932 2
13 120 2
14 338 4
15 627 2
16 415 2
17 169 3
18 423 2
19 387 2
20 1099 2
21 4553 3
22 6889 3
23 7553 2
24 4726 3
25 9628 2
26 7293 2
27 4602 2
28 51559 3
29 45295 3
30 32225 3
31 49139 3
32 15226 3
33 21730 3
34 45999 4
35 80818 2
36 466080 4
37 233685 4
38 322082 2
39 618223 3
40 870852 3
41 974123 3
42 337683 3
43 272470 4
44 2695560 5
45 6197164 3
46 7219866 3
47 3314747 3
48 3000000 1
49 1562869 5
50 1373137 5
51 1931179 4
52 15267729 4
53 95774457 4
54 84536212 3
55 10087503 2
56 14588190 6
57 26828446 5
58 29734199 4
59 876789601 4
60 416400738 4
61 492426911 5
62 264395000 4
63 212946608 4
64 236315163 6
65 929439745 4
66 741704431 4
67 2387267753 5
68 5601937981 4
69 9196434838 4
70 1921384088 6
71 2589116471 7
72 5899360827 5
73 5381119280 4
74 8956527830 5
75 38215373459 6
76 10720007909 3
77 24495770739 6
78 14685962839 7
79 16688777687 5
80 36666921625 5
81 89627542493 5
82 78664494467 5
83 100638109000 3
84 434852556898 6
85 135950747996 8
86 175079150735 6
87 283659478333 5
88 260136922373 4
89 863747983616 6
90 462508355306 5
91 1921254052737 7
92 1458920356263 9
93 1155894907409 5
94 6078172961850 4
95 1917158928924 5
96 5176934579926 5
97 9400004104760 3
98 2743465253586 7
99 24689112326487 9
100 40555769770689 5
101 35822765755960 7
102 79117733975828 6
103 84859321104119 5
104 47199175176397 6
105 21304748566188 7
106 12479324055727 9
107 354080316537775 7
108 208825085228896 5
109 840206691224474 5
110 864924586783114 6
111 824300000900818 4
112 273040446776909 8
113 134792837386375 10
114 238586486948997 8
115 2262571580174245 5
116 9477188572614928 7
117 6133479721430262 6
118 1060690027025106 5
119 1219345964656794 9
120 1234693545738396 11
121 3087939527730254 6
122 26933345993493469 8
123 91438127456884891 7
124 75517882011146669 6
125 80007105000650690 3
126 13232936616778799 9
127 12456813174351649 11
128 31347695421834945 7
129 77804109526314785 5
130 571287193086182289 6
131 356809816836104114 8
132 770030800040050080 4
133 173336404142489497 10
134 136789313338495975 12
135 131926742142565456 8
136 166828438515575165 7
137 850556654319925207 7
138 5441923342527071511 6
139 2742330346119102248 6
140 3348596167717782959 9
141 1234689707475818699 13
142 3251609229264085994 7
143 1243893335162391865 8
144 7894684867218314078 9
145 5926871467842267869 7
146 68206096000040600030 6
147 14303461626369708387 11
148 13457893642434882849 13
149 30558195422561872980 8
150 29349125491544105959 8
151 61232316572246067963 7
152 79843457499985367766 7
153 41462744479784486294 7
154 181921373847496278799 11
155 235678921234950536162 14
156 445367749636445145552 8
157 153179699781973423762 8
158 285956209519390346994 7
159 749666175278542669918 5
160 686809205103085904070 6
161 273940434556667074828 11
162 1235678911303568778995 15
163 3341435464707766783847 9
164 5872892748508911639723 8
165 6207686612702067412495 7
166 1142684665349029249478 8
167 8000002000660050809047 3
168 1123303234386062647180 11
169 1234678918283871738496 15
170 11182544842977988189579 9
171 11758520723933834556305 8
172 32197065714796981886096 6
173 57915120828901361122127 9
174 70032207595490278990707 5
175 12162232396468717383929 12
176 13456789133540467072738 15
177 23274546592845666778999 10
178 757689305366662204260359 8
179 168173271785642464759944 10
180 949844722133641999171133 7
181 772064687900582000700140 6
182 172327366070758384919798 13
183 124567892532374463757997 16
184 314749627532134763266669 9
185 1518962919049082135581186 9
186 8137077503537177780977464 8
187 2599869348756885270367266 8
188 4155422059850904055900726 7
189 1418213141444958658895979 13
190 1234567891237414961818298 17
191 1441557387229282639693709 11
192 4142822134656011509932797 8
193 71522737439794176426092007 9
194 77090858325306349070318183 7
195 90605800469007491100354080 6
196 23405051525766697178879498 14
197 12345678914151720466887949 17
198 16283941539313132846774378 11
199 45828358865770423824133616 10
200 19850992464242683985962904 7
201 780732127234295398097565476 7
202 800108605000079003950000030 5
203 111920263943444952606772769 13
204 123456789192138405869707196 18
205 364145545694260660826857985 12
206 667175178306443433353668664 9
207 343183646750701327740248131 9
208 126647310774912667089228948 10
209 9056405800455007478768060006 6
210 1120232428293137507173758194 14
211 1234567892042495257626574808 18
212 2326435469773083844636506537 12
213 1923343614227688522317830991 10
214 9547517847142428510541160420 8
215 8164328631362217732807599739 9
216 1047008005000001870900090007 5
217 12162734384243515558687486878 15
218 12345678926484957677479828490 19
219 13374055597016318352957069581 12
220 45707198445530688155125617093 11
221 39883703611113051614198386844 8
222 73061847359101392264683632533 9
223 61119494342125709380001978467 9
224 18334243455261676879869094959 15
225 123456789141920254349757677838 19
226 141723416085225582620799802823 13
227 111551912183796979975568808294 10
228 191232464188818636334786680062 10
229 178655891360226757229633862667 10
230 810730105206000033030008010033 7
231 131521343540515960626871849193 16
232 123456789202529323957596769919 19
233 2151589596979922522633379589298 12
234 3143606538946582396140754799677 10
235 3451863279340386048114337254401 11
236 3586424116749835068174408800588 9
237 7084600620030090120790080509600 7
238 1124252632434446486169727679878 15
239 1234567892132384146484962808692 20
240 4150586169769638468274478895197 12
241 17508197167598656972391979629223 12
242 89335354858713907565664841147249 11
243 59992767232955166798663662599074 9
244 60557005689564660015165007040445 6
245 14263236434549536272767778889099 17
246 12345678914193250566167687681868 20
247 12171940435095266328699741896914 14
248 224566913524686696852859585461709 11
249 143639439668616521743507118811703 11
250 293309992218028235528787531858941 9
251 301007060430000072036700560000082 6
252 121415263037485466677281868790959 17
253 123456789232834375864657478798695 21
254 222429445082901471844536948048308 13
255 687076811962475265775786663280768 12
256 2827432874874880951681253513857497 10
257 4963433915961367099524477750246721 10
258 5578206112470900698600541807748476 7
259 1121253033344453545559616870769195 17
260 1234567892437394044454965808788939 21
261 2557596279919720752359976489291598 14
262 3136537947552787694626374578548080 11
263 1650685328924495363751181032453806 10
264 68575050093269979161347328785962262 8
265 98183141092104502041590260004900060 7
266 12172234384446475157606169767984909 18
267 12345678928303435414560676971739196 22
268 14192857708194159474498500657869977 15
269 24345662145582666819299943474710775 12
270 16338216847473898576158933158327286 11
271 44187974603577966699347122425761071 10
272 458818559512864687483651948449238583 12
273 121317182532434549565862677681839092 19
274 123456789142131434546575961717485939 22
275 133638448391969919824326932952861783 15
276 535470957658319299384451820385499570 12
277 594454297862171937972746641740265459 11
278 260737156112701584638954319591413168 10
279 390010280010000900606233400000067800 5
280 1524384143444553556667698283919596979 19
281 1234567891112152028303740435564707788 23
282 1138415056687276368524568678763841862 15
283 2657586779155791917930159935863881553 13
284 1339875116733031813992958455255717281 11
285 1648357502595548106753018240596578312 10
286 3000200006400290330008000500907009905 5
287 1122293031394350596667747879808588909 18
288 12345678911142838485758646972737888969 23
289 21243946515471952242445085816507338058 15
290 27283374884088098819281317252875417867 14
291 38869525558050169055696349336205899461 11
292 34924380322641392314596292955696446131 10
293 47048809977909098790037515054498464551 8
294 11121721223032404352566569717882899495 19
295 12345678911121415192835474952546381949 23
296 265457616779819731333162172287291293994 16
297 283539629928542349658991165307505889996 14
298 398186794980329071397572296636652329923 11
299 438555974859506988214953802614237252994 11
300 659160708300055003093600070014037600009 9
301 222427303439414551576064668083879697989 19
302 123456789131631333940535758627477798790 24
303 112138527084878921425231839043444252366 15
304 2348657280316580652671774392076218641934 15
305 1737482613502606417329761554915082154826 11
306 4652808077766431425401736339345770872657 10
307 7163546594387239571089815228443449374429 12
308 1822262834364547484952556272818388909899 21
309 1234567891417252635424347515460767781849 24
310 1114222527368293435485637659741753840966 16
311 29425172911281353336116631830238148736811 15
312 16587666879262139847609988787329230375853 11
313 62488593355909023064825054476390712375702 9
314 41441052491160690660009042309704006652820 10
315 13142425273234363739475361687172757682859 21
316 12345678915202130374452566474768088919599 25
317 14183138416468728824429051655062065080382 17
318 28374259622414667338699861140290190419294 15
319 273459320777294858272270936966202214509761 12
320 770953510362783605466484658651984048866265 10
321 200000009550203130000000500530121001094003 4
322 111315242537384649515860647174757788899498 21
323 123456789121422242631374055575966676870769 25
324 313738424967798394202281339407510659844974 17
325 113063719845770976182387719102415732484568 14
326 469597691952305585106065983632614208834630 13
327 3247445104753335771428371513996066155783589 10
328 8070899079080020044803322052868305003519269 7
329 1427354245464951566264727475767778798287919 22
330 1234567891518232934515354565963656875889298 26
331 1521454850516365682013153684334605636797319 18
332 1831828799251328335559736326833474061688387 15
333 6812353694331248452155074929223850259863811 12
334 4402549211331862173437344432602290447318793 10
335 83080900035003080009600000590000010000086201 7
336 11192021232732354149505258597678808386899091 22
337 12345678911242833344042434852535562747779959 26
338 11232955697881939923423835837439140067970176 17
339 35637478862085495766076751340235431435262575 15
340 24498440753723895929401556406468316579816454 12
341 67870336253194999487189026599834598969496436 11
342 20754501865954957014504870504326388731452751 9
343 111214162829394146484953565859737477808386979 22
344 123456789183637404148576164656672777885889199 27
345 123162636566727982339500613772799863867880915 19
346 202644596314060366082299313343202386356728473 15
347 596389160660239176057759680197604728609749635 12
348 724881564324679465084298699494156456137041436 12
349 900548003360007062008000006004720701400900890 7
350 111315161920212426384346496472738385868789919 22
351 1234567891222293034364143465659667276788791969 27
352 1934353855748692939839742743451156467079283287 19
353 1625293440432272696056087304607528257466236929 16
354 1447866128594422673420787844645778838000404659 12
355 3462387022510025723337780113885931508477528441 11
356 3210000000010600009060817000010000040302900010 5
357 1823262830404346485051535557606365698689919499 24
358 1234567891520212324273335485556576268708387939 29
359 25334356586678818691235327344363434567844872878 20
360 19263861919418120722779196715443282878991319366 17
361 35359834863622263425181772289118557944870360685 12
362 28637845665500537308952299918827717773320842381 11
363 77000487020667788034003500069097238673500081004 7
364 11182432334449525354596667707175788287889294969 23
365 12345678915171926344041445054616471727384859099 28
366 14161830404669838588139306372386390410472675722 20
367 467082869296287850860907932970132714664633618099 17
368 242693126962432454351580924194744953857317740894 13
369 849640362921238832205844917278042378457045588467 11
370 700050070000029200044004000420000080010260000200 5
371 111218212225353642475154596263667176818286899394 24
372 123456789152122272935374650516171798083889294969 28
373 111627295054627884922863063434175476226597549599 19
374 1731333949922512895166336558883363475652336327910 17
375 3784865469184270476061086983984305547763447320081 13
376 9353002476119092882986468946553385364170950852801 10
377 4045441071791600168283885335282930262632480002986 9
378 1415171821243132333437404246475657586264676872769 25
379 1234567891921222327313443525963666768718083849296 29
380 1237424349506579828720134548059274778289791593198 21
381 2129343585971434185265796688533639720272478999961 16
382 36225927484387938944178822016764716294417451278877 14
383 56113658429763525102327044342215332779184150256774 13
384 80004501008002936036018000409035403072010612001057 6
385 11202627303739444850525556576168727576778285939697 25
386 12345678911131419202931353843444748495863878891969 29
387 11143839425667858990113160266293320515531693905980 20
388 22344044578022825345455261667125105777624198039932 17
389 36416939978325828725728927577613677423066053371448 13
390 186471354226618942645727900097053013630816243409892 12
391 575771288687231912589329855228522514684158522789116 13
392 111718202433343740424347515657596064656768798085869 25
393 123456789141926333947505153545659626369717686949599 30
394 151728343552646676808712823129136539041445749668789 21
395 394554586585238306391403918937276230203208431290559 18
396 492082706963313236684790160152154833842455305667033 14
397 679212776752358757762349892919583869898771354353701 14
398 1007288300660081044543998793890035670001378444080560 9
399 1112141925293338394445526066677172747780848589919499 26
400 1234567891621283342434546475556616270737476858788939 30
401 2032405259606566757677213329388392451523574850951952 21
402 1932495966972382436987988498522985374669607517753199 18
403 5768824649083568623358809978372293093556443569900784 13
404 5985204089132271525081790991417391648412860026596996 12
405 9008070000650700080000090000000550591000003000457500 5
406 14202627293031404143454651545558646769758083848587969 27
407 12345678915212829303840414445464752535763657796979899 31
408 18263234465366738489971381402204244555726396926988949 22
409 20535459649834035938440573097518392191423449147665803 17
410 15406341595645549261229298060843334760952046000445236 13
411 66559566022248083493967365889072631239423864297456801 12
412 49840457127352003020759541538999930575649055437099752 12
413 17193132373841434549505155636467707179808283859091929 27
414 123456789212223242836373841484950596264656682838794989 31
415 131823525556576263719315328329330833437461362777878886 22
416 414248507683153171439753782834204029083184779880969521 18
417 561138138433255650051625590078485943643488189604048173 13
418 578771795590856523535473713456370383513757259626378848 13
419 401840660020009000200603084805604260616708000640794409 7
420 141518253132344142444647505458646566676869768081828395 28
421 123456789112127384143464750515557586366677984869091939 31
422 1934456076798489939495157247409434474716724746766818832 23
423 2953565870828520623128830133655647925306584881538341943 19
424 6815426379643701767312405723429153429804464997374585746 15
425 7885783923131573427197359169479380479960846472508199871 13
426 1793915300859432331325802900395722981068602396646427686 12
427 1518192021242829343943505557596669707174789091929495979 28
428 1234567891617212324262930404144485255575864737581848597 32
429 1720294248626670848598145205454465467562757765816855958 23
430 17283048586786116204406592658717233037687641794386529923 20
431 58818347549233986506318119162613169597731545892617119274 14
432 69163709217659751353062712543526744831992977805473402874 12
433 72070600059760760560038488500000105070001208040703000398 9
434 12131517192123253335383947495760626469738085879092939499 29
435 12345678916171822232729363738414551545556596876777880858 32
436 12304652646570727475818921832343449855559875579187588997 23
437 214246488392931614544995307497808672753284249427867838888 19
438 239699456577683809592511437982648696153220425216565253597 15
439 563679411153539777433835298881755348559603076001330871206 14
440 466000500001080000005800000206002050614000000027006010000 8
441 111417222937384144515355565758596164656668787980848790979 28
442 123456789131718232427313334434554626770717579808586909299 33
443 132844505256586882859397156172327484576662715843885966980 24
444 313246536384951585836717819149629703273352974478988924299 19
445 2491653546196654669825214645575682213957258031525281754534 18
446 5636657498983251732528423324656466088187208657467529784636 16
447 3060152810149081280700720006020735300191001561360000695800 10
448 1215222324262830363739414351525661636668707172748090919398 30
449 1234567891115222325293031334043454749525358656667728189919 33
450 1947485670747680828488912694134384795547177477537797888139 24
451 2632458186879822926131043967978582824883422500183048953973 20
452 1581950694786538254877145578855631258942422051127684784177 16
453 23325367769350918265752830720137742099387512559575147325931 16
454 28190090200509580203040050000645039119940008101586000900000 10
455 14151719222931343638444546474856646670737981848589919394959 30
456 12345678911171820252627343539424549657075788081828485939498 34
457 20242628384445466264799516023534134737242850953961564079490 23
458 19353745728087167296389446562772939190820502772623868028929 21
459 18920629925576215312238474938922917784347170842501758607572 16
460 35859322296413166651123384645104387950921971484045548368461 13
461 349099519168660785951110996872234581015310733524070705692060 13
462 111517182527414346474849565862636672758082838592939495969899 30
463 123456789121420293236444548495354566162646566677174828493949 34
464 142021354953565762637183283290361530589701741778850864896932 25
465 152530556278911761853356026979249451146116825984756612677568 21
466 469529199295334506477164285552672907171198823464660134366875 16
467 236583210799527475405935216288933516863819292973530552644378 14
468 890053000994119440815107000200710050080900001601003090000061 10
469 1115171921232930313640444849505254565960616370717684899091959 30
470 1234567891718202123272933384448515256576168697274798087969799 35
471 1314192125335370727579969817920637358562365668475080489890199 25
472 3241495569849023227836038366470172413031384259833045347751996 20
473 3571439521564297097669921043161771154040669023701673150875483 18
474 2655806086419921525535555838458519922224101535297375900150140 15
475 2010901340800030020000009060084200006019017810900700026600700 8
476 1112131416192123283236373840434957596163647280818385878992969 30
477 12345678912192430333435394246485153555862646667707383848591989 35
478 11173639404445465457666778159178295332422437476613650700725894 25
479 20456469798082139314315564739760878120348757217786983308707964 20
480 45613487917743158026349443182943245347181462456220005279978322 17
481 68245981289453545825964926038362769958466444086980364248282663 17
482 97401530009000008407091900013501380040000050453160250905700065 8
483 11182225272930333539404145474849505763657779858890919394959899 31
484 12345678911121314172025263132333841454656585962677278878897989 35
485 244346495058646670717684903303624875675836696717057768148528898 26
486 181921222637411412092492663146076291209298933353794424372349016 22
487 146394167317390445522454287322456667865356836976951164769209944 17
488 264748165636557398752870847606630172634242801232020440355270388 15
489 600700400100070800000000046020615400101051005678000007000500200 6
490 121517182123252728293033343537414551616266676973788184868788919 32
491 123456789121317182831323637414445495154646672747779818389949598 36
492 151623535559656781848697991682033263384594985755886557608338659 26
493 1351555871979899630655726820825962975408345185435674588859281968 22
494 2392043902614736454773778884214452992974217782996365128781767769 17
495 2454981518627984882977922363776422011961105638185060307849946691 15
496 8523246808667000283475060150257201277630559250437355276894506095 12
497 1620242629303135363745464750535659616367707778808384859195969799 33
498 1234567891920273640414345464751555760616467697074798386909293969 36
499 1621293538414461718590949525634835050357965969876481294594794996 26
500 32404455687792951383223624334706677581528203244944753523859269552 22
501 45814346912916116876528158991943184658605002519913093962071411564 17
502 58587438578029128835864083517075169139343141948621282296839042158 15
503 70000004597090017806090015490329372870000030001000000000070840074 6
504 12131721222325272829323638394042535758697274757677798793959697989 33
505 12345678913141617182731353641424550576263657176787980879092949798 37
506 29333739525557596973757787121137310319326389507516577626641793830 27
507 23313536478090942243793827298389369452642536768617072819591609564 23
508 148253275277314506137039498584175206657742661444476061405817359854 18
509 352391245860522793813219170842943281309538028190732410987969407182 15
510 383879984787225763511446355634186575759818575832435235229245838256 16
511 161925283031333536404149505256585960626871737778808182848687899298 34
512 123456789232425262729303133343845484955586568737578808284869094989 37
513 121821223349576375848586949723623723924838542342846653672077578199 27
514 193851607884869616025830232663368077195924773850515351917503795984 23
515 139173467334654899464473338871143087946237526949177339349567266224 18
516 1234948029314088595848520780252140537164430687272574844058991757057 16
517 1615060000004600060300006077330900070055190005080011700040800548094 8
518 1112151617182528293132343850535458626465676875777881868790929596979 33
519 1234567891112131516171821232628303132374244465760636567717377788497 38
520 1121263753566166737486879295346407512549561608684685750762781819847 27
521 3041525963668897121122333356560645844973168224643637534882098881974 22
522 1782369782413299826915754378551290714694390193184109341391347773328 18
523 5757761446323586890357020924459267573526612742148648170276089217852 15
524 96180300007606470500000000005080090000400707000100160000000800995008 8
525 11192021222324282933343538394044505758596368707172747881838586929498 34
526 12345678911151618192425313335363738444952535759616668718083858788939 38
527 19232431353840446875818588891162252363163254544694805927127427608849 28
528 19363757656693973283554114594725337719171777324641858120833586979783 24
529 16911587226091694629346125908011236638927056443960381536144365529588 18
530 59408383493744956214657339985318726681062237311653165575688338095295 15
531 54470050013201028595140256125016940501041700925604040979516121309048 11
532 121316212224272831323536394245475456586062656670717678798183889192979 35
533 123456789111317192122232427283337384252626366676871727385868889909198 39
534 152438474850526067777881959612521630034661365566967873674575176779198 28
535 162239626571839325027846561965369871097541895335600276888769884592729 24
536 137161993204290669435951638259608976858873302205660541483560065570124 19
537 295568521775682170196872083838198921239555116929634827292219359228792 15
538 800300064507000600000660070850006016106392000609030000415052010000082 10
539 111215161720212930313436374042505456586162646573757983848586878996989 34
540 1234567891624263334394144515254565759606265676871747576788486899294959 39
541 1114162632343740515663658699214236367384558577639650700706737861945979 28
542 1119343948516099125411518556617622702825267337664092510659077662803795 23
543 4572639481572219131963202479221279651860889542043329937382839688444545 18
544 1237694845045973823119188251863302699353920453351559980967986298837101 17
545 6691744787702118649454874838960067781270205286798401964648705016186241 14
546 1618192227293236384345484951535961626364657072767779818285879092939495 36
547 1234567891720232528303133353738394146474851556064666872798083889096989 39
548 13222324323650606569728692949730647951853258562074077378680981883091797 29
549 16174652658388991403854315656117297419503477474463578280845787599212926 24
550 13716427356978497448307224761255079693547106718274056795054180039470949 19
551 78209225987161929214331479088438477987432698750072334305556603896779448 16
552 10100141003406089380840000270600005004000020834009602020060972200320981 10
553 13192022252728293031333438404244465253555657626870717275798081838493969 36
554 12345678913151718192526272830323437394041426167727879828789919293969799 40
555 25384251727375788384868788899213624025933245455660161564166369979781790 29
556 162331434551569712413115733480984586689314001639346836064952819582649933 25
557 357197678111222463335557429157353975384293249305971761756938852547716772 19
558 386675174429596878252663461083351909992628814251180732891821792042903286 17
559 110003404800000030830300073200000060007000707001004940000005000900001800 8
560 111420212223333437404144465558596162636566686971737475768082848689929596 36
561 123456789121325262728353637414445505153555659606164727679818285888991929 40
562 152744475056576166678290939598186257272352383521616630720829833887898971 30
563 1537434459758092991773553633874555158089381227162118373516507151749441954 25
564 3796667827129319931471559467852491939989874942752517531717793964176060989 19
565 3774796128887421952546604735502464817723498260270982835105081825536194064 15
566 5326501050737217149282806497759002141608079931272909403607280400000506962 13
567 1215171923252728313233353637384044475355565758627181858788899091929397989 37
568 1234567891113161820212730353641444551545761636570717379808284878889949597 41
569 1315171824414245495764759698992492532944024475075215896007598148348598779 30
570 1331334556666891962384264985245538268459542177353145866151828485348586964 25
571 23864859142245651426314758660454554731439848047124159021665100911614061823 19
572 13186723041519402947809639383919981921086896066768842390948338810619320927 16
573 20360607534009604982004070300580891009009000144020039000060308000000800207 11
574 13202122262729303338434748495154565961636667687071727576778789919495969899 38
575 12345678913171824252837424551545660666768727678808182838485878990939495989 41
576 12131819242531434462697379869411913414222530746346551356963170672985389190 30
577 16183346626364729441382984086286690192194115375885736078398095815583579565 26
578 56838427112577984111635392947431346356628689859994476055481655518382889940 19
579 263456223346446059237077772581360039921967259991653715759316401902640284761 16
580 108100809509024275604770146841669510123866762764508300029084710956566270898 11
581 111619202124253132363738414243444550515356616566676970777981828991949597989 37
582 123456789111422272832333435394041424758596164657071737476818384889092969899 42
583 111314192127374353566771728089133281302320392499569624701707758767777896992 30
584 161931374345576783183364375389537792838934947160319104725601365897571850494 26
585 247274892301511721439663739986361536447078246215834639595727264750186777462 20
586 157479481506384672753506253239681058943382480369551404075411013248256675352 16
587 8520086063054300246472080007480005003001000280840005220854100400040009208932 12
588 1317212325262831383941424445475152545758626566677274788286878889909192939496 39
589 1234567891112141620212729354041434446495154555663646668697071747577788182949 42
590 1417202122253033405356596883858611516216319329630330431551954558962473085191 31
591 1128374262686995984735056147178058218339299831283380842045581624986729066964 25
592 3675262717177468051317168267066706086467997923621878275999326803287705805808 19
593 1845774224303502684424308384722242609607725412411857548715165632778638571198 16
594 4800150999072000070090120789069075010150000300010000200000000300400000400100 11
595 13162122232425313638394041464749505658636467697172747576788182838689919395989 39
596 12345678911121517181920222932354244454649555659606263747577798081888991939497 43
597 14182021223650526065778090929798144267293303352504511549709746902910941957985 32
598 13182731376063657625132533342249865265792593025364035508877929085958997749897 27
599 68944617419654665819717446758613250313196293819083876666879068821702288112343 20
600 36779829098426404404175429720531278458546313846226972639813979572522197723186 17
601 40042850070950050038387704690007006303090800028593905701700080008035230401000 10
602 13162022272930323438414243475153545557616465677071747576777982848687909293969 39
603 123456789121316192228293032343637414858606163646567727476798283868990939697989 43
604 111516171820414549556674849192971261692143784705125305546026296927288078148819 31
605 133742535966747799222498644720780799813844914139424943433368661346174676274228 27
606 256277296530702787292155017148531655765584614430020468727668313327116645086808 20
607 574769728964263346044740585946328550932776592978184408489241979980018435668936 18
608 730100000060000010000400710509200040773900000001005001000300410700020600043004 8
609 111215161921222325272930313233374143474850515257616265687177808384858891949599 39
610 123456789131415202224252634374244454647484952546061626465666768737478838486909 43
611 1522283637394244455657616472929413115728739140743845146448063069371185288891492 32
612 1625293258779095991181413904835406667498129643067393349815551692873337668874594 27
613 2363037981945599825339757898581284595466981083496147154799572853241995439743848 20
614 3554852003125280916438966483691874904088167839542868776251680576140003926300731 16
615 3706508805640630803195132932116200079841474040807000910970807403311045366909289 13
616 1314232529353637383943444546475053555659626364676870727377787980828385909194969 40
617 1234567891213161720242728293041444648495157585961626465666768698287889192979899 44
618 2021232425262935385658626771808612219324228029132843248855756059662467668686891 31
619 34353738455059668514534939042548967767972281713742703547868916952770288519314982 27
620 38913839121648682832136973895521814550838282614413421101068496850221315159677820 20
621 35224763677955335963304949064546172474871720831878168978451528065331440954758111 18
622 70506084000804370400470950004504400800470240502282042004150008071100930400785718 11
623 17202122232528313436404142445154555863646768697071727678798283848889929495969799 41
624 12345678916171825293031333641424349515355566365676970717377788183858688899394959 44
625 14193349535961727475767778799699123170208229329336337425545548584587590799854857 33
626 131551585962707479349384459572604722778847977173117353583377044175490795187109291 28
627 236828397141703813134545458342145654085179178198353696491853989139173190105809159 20
628 294876136774202180052808239386135165577712456431878431787128923516414046395400057 17
629 472599247442936413961567525313811295477818384677329843786188577655533928917884467 17
630 111214151620212224263436383940444749525460626667686972747980818384858687899092939 40
631 123456789111214161718192021232432343537384042444550536169707374758286888993949597 45
632 151920263134444648495363646971959627428938338438940653154269372375578983488189991 33
633 162527496374869095149355443546583718727743808146335923938534066498184879693329469 28
634 2581324561542652732145383893473154557045858022439438139759060401804139186195339688 20
635 4716421838576865948469461720322300659667026909551863757692700114718152777440827209 17
636 7502610477705050541707080003220168500872603880380806603202808660131004300606540195 12
637 1314151617182123262829303539404344464950515255596063666770727576798081828690929599 42
638 1234567891519212226272932333739414250525357616264656668697375787982838688899294969 45
639 1214182429343650525659607072808692136156256367407499607632682705741799874929975988 34
640 1117222627304351578213241357658864168778085990126382918334134403597421261166257900 27
641 5692457822056117723112893790944619467441973173535615830796470162628165432156497663 20
642 27616250472415274342836048859453698270997848827055902138375919451470318352994158110 17
643 11000003000050228303000000466900000000000000006517000901400980200000000008004008000 6
644 12131415202122232627323334353942444548505253596264687072757880828385878892939495969 42
645 12345678914151718202124262732333537383946505152535557586163656769737481838491929598 46
646 11161821232431343738444573788590911411922823573784145375666116526616777007638479159 33
647 27304650606466697685280303451565700707721869928248025403480406763758238843187479558 29
648 12357909238540590614196575721823367353794388858462469681378419319924352925500571946 21
649 26229328683126756541415546406935220363603523251945143155592849869418598964087577430 17
650 109890181249801707270404045546119187716058208610181685410101923345822396985403002683 13
651 121319252628293134353637404245474849535758596366686970727375787982838587899091929498 43
652 123456789111213151618212325262930353638394041424346474849506367697476777982838594979 46
653 132529325153545861656768727984929316817217322027229730236737341042443563767977687392 34
654 112123406063646568912503994124655645706306758469141419162319242143542159556109748477 28
655 359122890198662890142591089826137733354643267253960358335600083115125728842824922898 21
656 127896332609240561477767379324372315941058438650088633393221054052870076694867981407 18
657 400200002095260082090182034940001030443004908000090010300004605000018590407090020009 10
658 1416182123242526272930313233363841424647485253545762636470717273767880818387929394959 43
659 1234567891214192021262829363738404345475152585962646566737476777882858688899092959899 47
660 1315161932343537414244467071748792189201284289305332421427492564575578649652739821984 35
661 1317192729313541535615022824025828031134353076383413401427348246755676571263098156933 29
662 2358123994232938940388954957640149214381595309500560744154860418229687857053926408555 22
663 5713744858725733820814723803487049337555272985445994525914859996798883575804319611159 17
664 5260685832160545749182852861838625962647547514215968677271659880854745186816842694872 16
665 1112131415263233363738394142444549505153606163647072737677787980828384868788899293969 42
666 12345678911141719232430323334353839404142444547515354555760627678798081828791929394979 47
667 14222534363746475054687475828688899817317520427135837146052654469372272573179982886593 35
668 14154446525965689096163181406422674711733845899942290930903362518961036763729081208568 30
669 36892175919442361386613202197775241925719829637920718970563770584647204265837879676674 22
670 89537467888944057183384287195727810536107337361397531419418916199931762557185760186767 18
671 98904003300008000984092000002000029952708730209518000390257002000610087350494006369000 10
672 11131617192225293234363840414246485051535556596061626469707173767780828487888991929497 43
673 12345678913151617202123242627282933424347485253546061626465666972747679818283859192939 47
674 122122252829374959606977787983929394129140190241260278436440466487494627643653740868897 36
675 121516273437647377941371493253784895086257278688972612281031204765499558556118672469348 30
676 234817304971304397654869889989507311298160191442647782849504964695427450747037997985585 23
677 184375599751509960273301683676743309834244367406460722841744223390175137574792520492473 17
678 502040000008100808060000002000546010000061600000007700500010000040003040370700020900003 8
679 111213161821232427282934354042434446474849505254556061636566697073757879828385869293949 43
680 123456789111315172122252728323839404142464849515458616263656869737477808384889193979899 48
681 153337485051535661657475767778829598194234236282396499501529556578635661687692693705955 36
682 1117243437495278909136641953364471478684293896897227204018417650795308577567517676885995 29
683 2379254252731501906576621950257864194502155376966741211077164608038701181597704651592362 23
684 7938672686297521920123783334855603416321882547842962385224057782376105876388292433411946 18
685 4068506094977190000770000042730041889739818489048400000813055304300039061492170567136309 11
686 1215161719202223242535394051525455565758596061636668707173757880818284858687889091939699 45
687 1234567891112131415161920212223242529303134404864656668697071727374757779818287889095979 48
688 1923333436374148565964677084868789941332212342723253283433623994014144695917027108419629 36
689 15222342496971728694117205250255302396532669681818142326243176347141294808488654105721965 30
690 23671827616816561395396737695670757249654658959285020818445889079489920213833595527492962 23
691 15536623340040055658162556681934506593436547125098152206197340843750331755260069179411220 18
692 68800040087719020000000490400009003000300020000088009509269706000002041010500580000640109 9
693 12192225262729303235363738424344454850515354555660636768697173747577808184878891929596989 45
694 12345678912131417202225283031323641444748505152566062636769707374757678798082848992939799 49
695 12172324505152545557636579808285969820223137942042645150757872974176076676977278679881189 36
696 12192833465563707275279290337400471492596666933935143140214286556155956330717072777854948 30
697 478948616495246360602998235473667743172178089695729359081513294806092581152281471949322485 24
698 168182184604171670415898579577118540287121277149946549872385330927605570356740570121427514 18
699 870545702006085069657802031666450175684804209950945000988818292199000135998369130134661828 14
700 111516192324252729313439404243444546474849515354555758616668697072737882838587899194969799 45
701 123456789111213171819212527293031343540434445465253586063646569707173747684868889949596989 49
702 111619222328323537424552536466879293126155233375388415550571577600648657662692759828859879 36
703 182434414365757883883524434845635826336556707117262361297247335189535057617296741383409471 31
704 145617405994415772844921355746095737467707331781389381025517100524597466217059229138390108 24
705 4678901919142820799423174317483565546556624206924657380460205015958315534764259749810860165 20
706 7359000041010984005740000046030009090900230055007050103600070021555073009405300014000980601 12
707 1112161719212526283132343536394246515455565758606263676869707374767778818283878991929497989 45
708 1234567891416182225262728293033353839414547495052535761646768697072737981828688899092959699 50
709 1315182123293031495558616871737582909323724127933836243647151252453159361163775279188993095 37
710 1416233335364975859096111205226315392413625666735816131418442049334337195830676883449035991 31
711 4678193050614735228468761394535691869604499179238995237598636611959798169122514540672166023 24
712 1929724367061359927219785331593019935987424210432858332713048897572574723790050828469545414 18
713 98003070000800255600710510112600800700005050827060600001080600004050000000900000005800000057 9
714 11121314171823272829303334363940424345495051586061626465697071727374757879808283858791929799 46
715 12345678913151819222426272930323435373944454953565960616263676871777880828385869293949596979 50
716 14171826293134384849546270729194969799149192195243383428436473502523560624646716728767922928 38
717 11172039436061677072731121611641791863554355318318621347279931824766500865798024860986149867 31
718 47891763657314420348895632325402555799585931875843759136380698049188325412004547227489170629 24
719 48223141842413505618597607904644230898198120907622152942247610533147314128006618534541206492 21
720 20488033615474400007702472090340019100903005900330210100621004830921000000006502400422610036 13
721 111214151819212628293234353638394042444549505153555657596061626366697071737475788082838990919 46
722 123456789151821222324282931323437394043454849505153606162666869747778818283848687888990929798 51
723 111420222426383946476668748182899497981483343714245115295545645835966097047057098568608649619 37
724 122636486170718082889725125726126226359361062381387793312231238149022782912449066146777718381 32
725 234530717595285401579836604173767402793339125571057217352823282240383475811176896253314642316 24
726 381121265908144952101581261321167753784318401559999143282176359284221259453437329959625336806 18
727 347000904031100003900000006000802000300091025310708050015030000790899900000852090360000390706 10
728 111415202223272829303334363841434445464749515254565758596265676970717475777980818283849093949 46
729 1234567891112132224262734363738414243464748495051525557586162646566677072737677787985919396979 51
730 1415252629313246495153567578808991939611715519324831131433333446649050053368669678380283084991 38
731 1926335153555759627172219298478593603737793869900950967271327933341433452385597566857996707971 32
732 1258206465741181395185873315643379309551343904199964273173740195359387865160242729702914776294 25
733 6740835465833322834443449531053162795604494135934675935044879325939325722025997217143477243526 18
734 3586302901804980070500303025047052050350520145660416240090802860447294806602663104602170302150 14
735 1113141517181921232428313233353739404247485152535455565761626364656869717274778283848890919597 47
736 1234567891215171820222325262931353842444647495051525354555658596364697071727581848687888991959 51
737 13141622242541434650596465777884858788113114178213414423436448463487491540559612614649730930931 39
738 15223947526064687293961942202442732903725046897067129312933485256916309676669267191869094719646 33
739 14593041749724133034987731634067644878524593170182778268301360068664083466212556074737870323955 25
740 36507029587236855697702858638129826553099615829792904053202293127765960535125585977023336816605 18
741 77080015058004000600080000000690050080000171007393084203094150600000205001090456350050003405010 10
742 13141517182225273334353638404142434445464748495051555759606571757678798082838485868891929495989 48
743 12345678911152021222327282931323340434450535457585962636566676970727376777884858790919394959699 52
744 16202122273133394244515560617478828792138156167216223295324366526602606639697770795825844845894 39
745 111828546366677479838816217436938442646150159870274990526202754347338324237568064217850847795289 32
746 258953677291150645677922394176817938837626058531215701564748511837568026632502196008061086219084 25
747 381981295338480895815644581253350257521602411723670665113831789043651982519347892858575419164342 19
748 283579918952563539242826761343969379564976356424569226555125629246829334754921522465492231736874 18
749 111314161819202223242627293034353941424445464849535457596163656769717273777980818283868890959798 48
750 123456789111517181920212526313637434448505253555860616263656667707172737478798284858789909497989 52
751 131517182026303448555664727476848591939411712513017527433349449661364365466975779081283387792099 39
752 2346485457636466789899133192223306378408548685689808963253927644729546462306622754380178570898189 34
753 2568177577981151752596661361434469838046281296024972344863435327807774639290871505795458284192577 25
754 6793964359271898639618406756322407734364073396152548089921194929657209712167061709400068422758034 19
755 6000096004200079001038600206089324003500483038012505266400752005080864050845100000020110006017080 9
756 1112161819202123242627293233343536394345484950525455606163676869707274757879808183858687899091929 48
757 1234567891112141519202325272832333435364041434751535758606668707172737475767880818486879193949698 53
758 1317182829515459607273767779818387899899179213286401456506542612634650665743774801822856866926954 40
759 1723384447545671748397173265334483490707743848862912967372440694978697270027222845686758827890990 33
760 57895378869915130947766525682952319882944874750110658697552671599681145389236036584378170933887875 25
761 45519423050471258848603606283628265082102730312798384496615904459733560762863446392730740794720105 19
762 44307081004081000000040107001507000008000915060302040400010008205188005081000800009450800000000090 12
763 12131517192021222526272829313233343537383940424748505254575862646769727576777880828384929394969798 50
764 12345678911121415161718202122242526282931333537384145505153545557596162707274767982838488909192949 53
765 11161920303740476065676974808386899293941411472653134144184785125175665725977367547738288428798879 39
766 11121422242729467475781122032203724145125626116438419891867206229693020362940014190457145795218849 32
767 24675259687511116721487324613736736495241250226993439566627120883763869992116323205645026923548656 25
768 192978357372660767066021593452221390478410680719391647055439741387760452133645447864241006942763055 19
769 668903800890402137002940130502178061337200584011000900070068186600071103970017209042897170570278210 14
770 121820212224252829303132353839434445474950525455566162636469707172737678798081828587909293949596979 50
771 123456789121416171920222628293337384245464748525456585960636566717273747576787981828586909192939597 54
772 131417192638405153565861687980869092949520224130230637938450255156056957463967768368772879090596297 40
773 151934515762636569747711116438039856564371076377079386618551866230726952751290447145811636768978787 34
774 134528566271114133472803349338607745900534741571566788790058165234270277338125126144314871623258924 26
775 481946584888166274913684161052278012511168576045268582306921413996095399231763343391886300928023183 19
776 4070905040020000000718080744100000722000700040000500065220070296033008500005050800960092070980808001 11
777 1112151617182122232728293033353637383940414243454648525355576162636769707173757678858788899195969799 50
778 1234567891112131416192021232829303334353739424345484950515253565867686970757677798287888991949697989 54
779 1330364142445052535463646570828891929798156161178252265276321333416427454503533539613706743805807909 41
780 1729313233394146576886961572242463003594005185725857018301741207433233532421342234429671170597763804 34
781 1368115868745906596627251792427167387304245216331279602842061352351626734084985429424873436749787799 26
782 3552854336693831614045642693712912403940918161310967611115767894372814228225139879432992699175710577 19
783 4615296221707030838969248718063506685756610429930049463261009413372907578047312984800480991895221474 18
784 11161718192224272834373841424344464748495254555657596061626465676870717376777880828789919394959697989 50
785 12345678911141619202123252629313336384044454651525354555660626365666970718283848788899091939495969799 55
786 17202123243033373943475054576571798595979911513925125225629129730138341148855863263865275588289291495 41
787 17192228405361666975839012212727729131932755857175696898211271798204931493983440450486152686983808454 35
788 47891423449038548681191017614805504283636520768952736378010535393550467778947582674138748246156130958 26
789 69279464684312371349603817951726110658432833640705013529767516787836472686902033191766256860056026616 19
790 90070580002000002716349203330005000080000000500700470000051040096200093043070000205009700069604100004 9
791 13151618212223252729313234353738394042444647484951535456586364656667687275767778808283848587899294969 51
792 123456789151622262728293031323537384043444547484950525455565758646567697273747577828488899091929395969 55
793 141618202141435556575869727476818288919296111115133153179248330438476496509524565566601609621627823893 42
794 112122233344485458608997138152232374406419514590672764858915138515991752280230444038533766008477854887 34
795 256938717377440507896945125171158276857030719318453185072345274997574904734852995280111218518767158247 26
796 452276287428642191154286863587877606910616190364040711435481580258113380275325978399544444232478797848 20
797 700450000520100280000000009002000500021000000000600400400000000012060305905400080000070840006505460706 9
798 111214151820232425293134353639404345464750515253545760616465666768717576798082838485878889929495969799 51
799 123456789111315161718202328293234394042434446484950515455565758596162636667707375767778808385879394959 55
800 2831353741434950535657687377808184858695991492092382812853063104104434734855156196537177337488028489099 42
801 3135374460828384868891921182902953084185506016858168709619881290174137933863495651586186708676558168946 34
802 6789707475964134214319882102319181018106135993232580703873582891344424654554766238931449441248121846777 26
803 1619588309973388749311892373052924603729988051298940468154618454923173431360382295112316342177592631570 19
804 5609190061006803650730000970700471100000012800902082103709574050600001080980052000110500000205096600101 14
805 1113141516192021232426293032333435383940444748495051545556575960646566717274767778818485889092939496989 51
806 1234567891112172122232425262728303435363940414445465152535455596061636566677072747578798085869094979899 56
807 1619222627293336445759626572738285889395961321371762012573223523984234435477237347888238649329539599819 42
808 14222327313234496066929814522448548949854257959065566384997212882616414244325209654467647686833683798831 36
809 34783461637233236274289351856308704098932622962840699738077311659142022954085777185142098646778191958915 26
810 23195527860937744058401299129653797184737966696477011672189082783539599561882012375004120737408175558839 19
811 10004091708500500004001005000000980010000010600000140080609204000000000830000000300100310000700002900400 10
812 11121415161718192024252829303133394446474950525356575859616264676869707173747678798082838587889094969798 52
813 12345678912141618202122232425273031323637384045464748525557596263646667686972737678808486878890919295979 56
814 17212324262728313537424953677072737783919512014315920022524327632032834237038252853157769872372477678496 42
815 152022242636515358889098184203250267292491537591599732834996276428803124462648474998501158025894631768597 36
816 345815539396231307343662294033827310818922873402984166973133182519638413796175914153186308929523025560516 27
817 254975670801207552652677467724747346891116230765369062902565436558448236779059998966619819290330950156090 19
818 558716036344709102437070434825359081015934959309916257504685526922210941351054803203297731459129045003687 18
819 131416171921252829313235363740414245475152555657586265666768707172737475767778808183848586899092939496979 53
820 123456789111213152021232425313334353637394142464748555960616263646768707172737475767778808283878889909194 57
821 131415212228343742464952535660617578798185137152225238259289336464468476498517533537538623629700915980990 43
822 323844455055798182858897208241289563619764774863866874889947130215452010206725424387505057965927644274957 35
823 1489426869773926568949851282496667269544129843225673802878843641724684874966247260493520403510747362732516 27
824 1771876759974249803322671931062356764850961176684389480332220395457819724126601558414914506577179412895043 19
825 6000034300057090030070338800903857004500086888035007000005042045000900000200400000008800040450992088000139 11
826 1517181920222326283031323334353941424346495051535657586063656769707172777880818283848586878890929394969899 54
827 1234567891214162122232531333537384142434447484950515357586061636467686970727374798184858788899092949596979 57
828 1214182429303132464759637175777981848892959918019923530632834836338638840040147052661862363964577782897397 43
829 2634394453546467707582991833043493753954085315715836316596871540178118802186429255655944665373027461917897 36
830 3479175575851405078518992743467550516987311693991743019925632531634756445119699186072480446525800957960696 27
831 15277435287431909320624287210326058374104014657312626120582610025900198589591264289683981719720195299674155 19
832 20000003050000080200007000000050023970060840007003006903400400020020000700620300060208000005028600360000006 7
833 11121316181920222426272829303133353738394041434445464749505354555658596064656768697173778082858690949597989 53
834 12345678911161718192224262728323335363742434547505153555657586061646566686970727475798081828586899091959698 58
835 11212328333641475051545760626571798184909498111143208271339363369395450481482580598643774821860877886926948 43
836 13212226313642464963709331939846461462064065467680990191093016732354255335955608577057746215750980068285949 36
837 13681267757811431776387711574447626965731855533983373014372443128444263075063677698515115653963560446785459 27
838 38264324366821529245354496959859976085593021129012188734195519304075916317093950995960817819080032075316249 20
839 800640062022490410003707002000509017000093608200620001090906047005616330680001020723615040353091800048502509 11
840 111213141516181922232527303132343638414345464751545558596061626365666768727374778082838687888990919293979899 54
841 123456789111415161718202122262830323335373839414245464849515253545556575860626365666768727778808289919295979 58
842 131524283031505467687173747684858692939498991121822542563193623903914004404634745136056156627717727849329709 44
843 334345475456688284909198150224260291351432476809837934969998198820302270308457965813618063017504814696579809 36
844 356835768795358408539978307369397205775922216481235536081164167327602963871454990661195314655724726371760802 27
845 481784161699406296106341691418802997952225379543882991888832037093809041626911742780025106407984366483497178 19
846 502040308370014088569680000005000017050389208001104000068890070000087000805060800010000105006800890000010000 12
847 1113161819202223242628293032333435383940424344454647495152545557606267686970717273747879808384888991929495969 54
848 1234567891112141516171819202225272930313436394145465354555658596264686970727576777880818284858990929394969799 59
849 2326273340485860616367707375778283848990949615126328432936644152656960862164967069669875776380181888193295497 44
850 2428323536394048636877788211917623028529329652962471884890995918353326367838065306540668877228779089519449979 37
851 1249366585985306748479466617670278228714295216020268765768062763096175397410687597383350443600812178228618568 27
852 1842734256991910197013644344868517369758941819777770758338092382604024855253696867055061694125884936566867362 20
853 4920911935699902545003765022624600044770200808214466027362709893810032822277700931200925872320809500700398513 17
854 1112131415161719202223242631323436373940414344474851525354555759606162636667687071727477818287888990939495989 54
855 12345678912141725262832343536373940414244454647495253555657586061626364656870717273747576777882848990919295969 59
856 14172628304148535860697072808182838486939496195202303310416424546556558571579624787812819857861865867876916934 45
857 22304547485657596673819192175222300332338411507565758870977997273030133521353343386258638785078557872090889839 37
858 12361932374431037359785521207123842788871394521539292843707317944737034973346285172212174414223975626095367268 27
859 24427914633540905026231035050518169671416277907858390307848082118795699778163243992762608512841432336253449031 20
860 50006213990809707218000110090051250001515707884500075506629160038280770300000000470980309000007050080008413400 10
861 11121516181920212225272829313234353639404142444546474849505154555657586263687073767778808182838789919293959798 55
862 12345678913141516171920222326272830323335373839434546485152535455576162646566687174767779808284858688909495979 59
863 131617182026293135385155566364656769728485959618019623024828929338441944159262162364168469471976376980986692897 45
864 182021274450555768747996992642872934894905105345946246597417838881127183418561879248625122904366250145777644494 38
865 123640618898214307516746188721966207653415465185424663490689253771443599644198761149161335823422314206262807568 27
866 236779115341348056712351674784736317067064246280545832604115740472294163715602884770320055742855051007722249777 22
867 596832647549333432923489654595533741727157816262492599853432144213681526535541668555241342731517787253675484731 20
868 111317181921232427283031323334353839404142434547505254565859606162656869707173787980818285868889909192939596979 55
869 123456789111214161819252627293031333435373839404649505354555657626465666771737475808182838486899091929394959799 60
870 111213151618202327293233343552616773768084969912116518424025025932436942442543844044451761067672574979484489090 44
871 1624303132333550687893969913916121621827037244252564487888288893931563953524163546734827187258915892591319145945 38
872 1789124754871642295235411514421457197514489736651093687972576293916385457299387495814099673682145992406159354176 28
873 2374953745568642013869458432831832722845957508863265967248521229844486912718084331738701671092489362395620365376 22
874 6003090401534205086600385510240908117103840000500785149008954490060930090710405906801008002595007000501675002000 13
875 1213141618192122232425262728313337394041424345484950525354565758616364666870717275777879808284868791929495969799 57
876 1234567891213141617192023242831323334353637424445474849545759606162636465666869707374767780818386878889919395979 60
877 2125262930323340444549505459626975767780858890257300339352355401435438445454485523615622637653697719789899908963 45
878 16222628294750606266788094235265267484593611672763773935966978981202021052495250032313581362549275045615566288472 39
879 25789172029462302708259945014732880649308221243948493536987531951892159004200247547915889339835170689446729590145 29
880 56815245780493043608555512486679668533986144568844537637469198937359429140126418403295946236251652255938995964159 22
881 70000383094070800000202900037927000500354000550805000060100300057790670000700000873000190090087300075044360200070 9
882 12131517182123242527293032353637383940424346495052535455566061626364656667707273767778798081848687888990919295979 57
883 12345678911121415171819212829303132333436374041434445464749505253545758596061636566717375778081828587929394959697 61
884 15161924252729303740505258606469728086888990942682692712742963194664955045065796136186707587788468749009109529699 46
885 12131623315158616976868999190290509544565568602630662757828858946116328513075312134343776594859536818712482909956 39
886 124674053749496177241244611243750886976722518333311876422371171157838672971822375949465321745566489257406633929296 29
887 479407197151415920929999685730482977775508840077464394548910047417748397077517209167910702145200609079322761531653 22
888 925004428587398579346401936835100100102057842001226090216608457500806366970810019400239006060660514004010930990296 16
889 111314161819202122242526282930323340414345474852535455565759606163656667707374757677787980818285868889919495969798 57
890 123456789111314151618202123242527282930343536383941444748495052535556575861636465666869717374767786879091939597989 61
891 131622262729373839485055565758606667686971749013315819122839142144247747848450754759561161863870170873276080983998 46
892 192228334550677577859495992282662842924014765425585956686847658321201198224593291347841044316538561996676722982989 39
893 124571752546789364537704932564975497915845428436798188948394779223666344126368446595108164710516736563849619461709 29
894 3471116213284607343987844112206229325892068030093056131355012537545239713078896987931109163251394121571750454808057 23
895 6003020500002700600000900000750400618086060080000900769000009468040000070004700571000300010580080700677000040555441 11
896 1112131415162021222324252627293031323537394041454647485051535455565862636566676970727374757679818283858687909496979 57
897 1234567891113141516181920212223252627303437383942434445475052535455565758606263656670727377788081848587909294959698 62
898 1112161929333437404354556062646667697273758386146157208209278323349378480490536556581591597625688763840878905968971 46
899 2021303642435058597174889216617032935543847455369074782291994296512211384197220164204464252205626568158226641666475 38
900 2568918314048664205779789872462297373719710185612554744085964121526974767095312075613073608260401954686379828711290 30
901 2672370825015388885815662151636775823878666611196933360757408522229895329247058363229569467183752298989237243925679 23
902 72995979943941479183352247159986635091954352709290602241783124013442819200298690377676686434990265047268974334705436 19
903 11121314161718192021222324283133343638404144454849505152535455575859636465676870727375767780838485868889909294969799 58
904 12345678912131418212224252830323334353639414244464750515355565760626364656768697072737577787981828586878991929394959 62
905 21373842445052555658596061627074778187888992959712117621122824424826129532134140641144046456056857257964765074986487 46
906 21293234374350617078829496114239358406601633704719761773780887901176420993142351137164660480753525741671667567002724 38
907 45679333961757615430839339563950405879601379472726938784509118597928349458631071572592077622610214693487531767063988 30
908 36827979825933287857288578210472662930868082502928619245448905534463567958823150009590367769647067859801199188448679 23
909 53220489005020840885995270000090050073430700642903070301005909012000100209010721701890074000610004509040500108000918 14
910 121314151718192021222425273132333436374042444548505152535456575859606162656668697073747576787982858788899091929496979 59
911 123456789111617181920212223272831333435394041454647485154565758596062636466697071747677787980828384858689909394959699 63
912 121415192224252833354244475152606465678184939499142148153175223317403416502556619634656671737750771798810842919932961 48
913 171832333850546162777880861611773104074144454745106847818079189661788187726212903471471447324772680738430862597439857 40
914 134673137607097481571592859980410653695902996522326284704421376151360659628409908220915355425756660924588644975969883 30
915 589516990248568685674571858584200374252943887071437767675668055824760247209188091270553140874662071212595452092633499 23
916 784007610100040070005070000700001000006032310005000000220300631400360000200800173070000003063040090000000000004000907 12
917 111314161719202123272829313336373940414445464748495051535658596061636667687071727375767778798081828384859092939697989 58
918 1234567891416181920212223262930313435373839404142434446474850515254575860616267687074757781828385868789909192939496989 63
919 1924252829353637384752535457606871768384869293961291581932993033064014074164644784925035085175315355485806958248588638 48
920 1113323346575964677377839394121131225236367483507557736873964971977117123652410281446075029563273007439797692959770986 39
921 1267822828491953015545996796932212389246568999336063890944688594675296747974338466379874691127303584699575335579023213 31
922 3563137433894276862085749491034740287825313104593880698813284448793374252547186677503063384540972478149607053938485633 24
923 7554000477308450802010520184930020798309000650778958038080000506810831482656003039050020208130092303730301537000401040 14
924 1213151618192021232425272829313233343536373840444547485052545556575960616265666768717273747576787982838687889092939597 60
925 1234567891217181922242528303637383940414243444951525455575859606163666970717273747576787980818384858788899091939597989 63
926 12151820212326294647495254566264656672738189969715516618121021722927029933638142246047649554254564566374274578787793794 48
927 13172021243235465365677379971912042973023173264334374576487347498711262214122632508278728023997430346695380684373258970 41
928 13489204759929311526847257794044964601596490379172222184086147307820172724143257963558659108334840457484260460702587941 31
929 13720567726848250436294362999727404568844523306470575122044526456556346493857668553607238349440465385469039703650921780 24
930 60000008105094400407800000007010303677300006107250090600060600006602010000200772029010700900000300211010000080904600900 8
931 11151617212224252627282930313536373841424344474849515253555658596061636566686971737577787980818283848587888990919293969 59
932 12345678911121517181921222426272932343536373942434547485556575961636569707273747678798081838485868788909293949596979899 64
933 18202325263637414849555759616466687179879094969816626229132142242445546446850258761663365971775277777981883395596697498 48
934 131417434849505356585977828717326830239439545148354255878084985696498417572642388245595603563763986721732175737858792784 41
935 134793240687382358554652657960362753886180817087232645740475567167444248084968045589482694822720470535671622800042993634 31
936 129496469376716828195145698448662658351655262059835713041606955413377724118101137315595080031838076220269539536788702280 24
937 351849799020779206315321438267260446481702993002642744939680045510270471949223974708016242100187497691452236495430651758 21
938 121416171819222324252627323335363738394243444849515255585960616263656667686970717274777980818283848687888990919395969798 61
939 123456789111315161921232426283032333637383941424445464748515354555659606265666770727374757778798182848588899092949596979 64
940 151617193436434850555658606367697881848587899299112173204244259311336404406426458561591656774786822827880904947979987992 49
941 1320262832333443496062697687111131178180340376501525533607708779818991360537024041442844775079654685098531855086069056916 41
942 2356717192942585347018228799973650411059816305914328603403599358598303757179915578916363993689202674024016995294477649542 31
943 6781956572224129324680588587478214489404961336467929847656723183948269714700280358702342770921628137788572025272283419569 24
944 9605576730240120451948993006682000020770020630003030000260904740080660330600021300007542700000103090800005020058009308160 14
945 1112131618192021222324252628343537384041424446484950515253545556596061636567697071727374757681828384868788909193949596979 60
946 1234567891112131415161819202224252628293133343536373839424445464749505253545556576062666970717274757779818687919293949698 65
947 1423263643495154555659626772747879808589909294959714215217017124129638741241946950155757257357859360560662262985489690995 49
948 1518202426424862687071778994121145336384405445525644676705722858971993147116982546334249815405600271367223740790759517981 41
949 12459181954789851560664865890721892380530566818199209102201753512946491846472683774790579224271756033536964164278507929690 32
950 23412427549559294343904650997126058422629729938960655287216484544235145113698061166010038753180840844524613882632304063524 25
951 80203000080482000004000020050000000030600103000000308005360060930200772250124100000091400000067405000282030470015010046000 9
952 11121415161718192122242526293132333435363739414244454649505152535455565758596264656768697172737778808183848588899093949899 61
953 12345678912141516192122232426272831333537384142434647485051525354555659606163646667697273747576777980818687888990929394969 65
954 13181925282933374246485152575860616367848586979899154183200358363375429467551623663667705712715746766773816859935965978995 50
955 14222736384252546270717687952393283314675515806907758048148178528709151184161721432671310541534752490152896418709473739048 42
956 15679385689909921722235847450323024313582888449306300133804440587592713134193410784502065592042188072444577061014856690389 32
957 134466373315867904186233614832129404870291276532067597575668019494482813590315659224286497768788971325140354039416547616726 24
958 300804080407024401020009808645989021020009805295469003000169003318201970496855924403626430306150447688560030948500103924008 12
959 121314161718202324252728293133363739434546505152535455565759606162636465666770727374757677787980818384858687889092939496979 62
960 123456789111214161719202324252627293032333435373842434547495153565859606162636465666770717273757677798081828788899091939599 66
961 192328303238414445464952606163656669747577848789941802052232802822923253553713734934985485886776907257317377457687779269379 50
962 242930465059667072747584879913426042249764066375476180582282793894397413351501167321252768384242375407553256758225861993419 42
963 124591529317898270287430434931405941629080930296722115423810527136404668184518317734736739843832198112394413441863313847346 32
964 368237696785813825656071127515150515739891180128718630214429607265459131840457178250268218443354999925436255079909489816433 24
965 5004107004400007008000000000900001190003000100000298000078805098000000038840010058402000090800090800000212652600600210050007 10
966 1112131415161718202122232425262728293334353738404142434548495051535455565758596061636465676869717678798081828384889091939597 62
967 1234567891213141617182021232425262728303334363738394041424647484952555657585960616264666768697072737475768082838586878890939 66
968 1216172023383942434950515562636568787980828687889512924325027432134241842948852953553858459364473974677385190393296798098899 50
969 1418232640506570778284889399275280316331344355379390647824841906912978120925533101356343494541489750636056641273938048864996 42
970 1367825333851863064025546879461276455366527168867311795189595934280827839951648923746036725938625651181284682746280929009453 32
971 4573544981724425372172424391362746034733553021608918371625808822787371128188488362862885621257326099472934408011185822109111 25
972 7363938252000904339789784574037155748575781953510005460306516275655830832040114004638052566580500423075854086000728320770118 19
973 13141516171820222628293031323334353637383940414243444546495253545556575859606263656667686971727374767778798182858990929697989 63
974 12345678912131415192021232527282933373841424546474849515254575860616264656769707172737576777880818384868788899091939596979899 67
975 14212226283134363840454749555760707278808188919497124140177232257269308378420442451479553651653660686699802837849857916948998 51
976 36383941464758677276778183941251351492334194235155756026907458068558642575313934174326559260456240679271437496772180688435889 42
977 12467272990949661373681990199225473984509273408663176272683753072572139087814965640600272031880137732835035847986753956285297 32
978 34814769120850195445576098853530048583406851915529933146938609487257266208990783358003729525631447922635066602037559940433774 25
979 90300000348980009200000006001976040006102302400022030370080500070104509914700026002020419480162760006410003000023800040090000 12
980 12131415162021232425262728313335363738394041424345464750515253565758606163646567686970717274757678818284858788899092939596979 63
981 123456789111415161718222326272829303335363739414243444851525556585960616263656667686971727374767980818283848586889192939497989 67
982 111213151819313536414647485055575961626469707173889813020526333735938246452957758359559971973373879081485886388293896997797998 50
983 152333384346495260838486899912112817024938042949255881081285787096698112071363211823374090417252395251584359716847710474197531 43
984 235892136758384584690785788856421545855464931893692698044820766598435298176337053463356561556921526218775538075574396965694531 32
985 279134858795844901362757827040495417480075252172408686748927716251632834878436552520084911792295357822956666748173709687135270 25
986 266553868891277883623559885447543495575482943661238668448949983469531725922399941833344984791547188125868869181738253384134861 21
987 111213141516172021232425273031323536383940414445464748495051525354565859606265666768697071747578808182838586888990919394969899 63
988 123456789111213161718202122242526272829313435373840414243454647485154555860626364686970727475767980818284858687889091929394979 67
989 1112171928293242464748495157617375787980848789919495169187256269288348374403434470474481501569597599676750760798805817826888892 51
990 1317233036465458657078818788991932212253013654565295475596326417888048781132131820124063506856206561685670957702806786388861950 43
991 1234914476982892052938639749761784289446508214824439853445278495287868980042552983723354526075191991814313346724336931049779505 33
992 2451529712336169504353861899593066331606851192553739142829562004499829685835248524984889093922993210539657762027745237686906335 25
993 9301191682250220669011498830003000003942696010005303200261081028420408068017269032930105903508863609002005000008778007005090060 16
994 1112131416171819212223262729303133363738394044464748505152545556575963656667686971737477798082838485868788899091929394959697989 63
995 1234567891112141516171821232829323435363738394041434546484950515253545658596062646667697071737476777880818285868788909395969798 68
996 1114181920232629323341495055596061626871738485919294112199320329414461464585586604609639688692697707720743783817877908928944987 51
997 12133435374042444753606169738914215117625850450763463576476679181884993218711943246335796298677968646914746777488912942097259913 44
998 35678202153606124633660678091227212732655069147511346004378664440664848165223697731231556629681506398011523939642824492286023262 33
999 16949848928757660134205746936438965754667779234288272066193900384816749587196430651049827210153585851475205217412607555474367483 25
1000 80010007000000006540065085900000008104004206001040081030501002109805001806080002304500020002064100903011000100090007009704954053 10
